id.practice,year,Y,Z,post,n.patients,V1_avg,V2_avg,V3_avg,V4_avg,V5_A_avg,V5_B_avg,V5_C_avg
1,1,942.4811096517101,0,0,1141,11.533,2.978,0.519,-0.034,0.772,0.188,0.04
1,2,959.3755077629161,0,0,1064,11.524,2.956,0.523,-0.03,0.768,0.194,0.039
1,3,1133.7936908434738,0,1,1045,11.429,2.981,0.518,-0.047,0.772,0.19,0.037
1,4,1234.6228210175523,0,1,1047,11.264,2.972,0.515,-0.041,0.781,0.183,0.035
2,1,1264.086208329807,1,0,165,10.692,3.048,0.588,0.342,0.661,0.17,0.17
2,2,1243.6012174888385,1,0,153,10.759,3.052,0.582,0.341,0.673,0.163,0.163
2,3,1316.056355813423,1,1,155,10.822,3.052,0.587,0.274,0.69,0.148,0.161
2,4,1642.8172481303768,1,1,147,10.963,3.102,0.592,0.238,0.721,0.129,0.15
3,1,842.9382458013484,0,0,166,11.479,2.867,0.56,0.198,0.807,0.169,0.024
3,2,894.5835376741666,0,0,176,11.492,2.869,0.545,0.191,0.812,0.153,0.034
3,3,1091.179699974092,0,1,198,11.534,2.904,0.545,0.106,0.798,0.152,0.051
3,4,1341.5292801613223,0,1,197,11.439,2.822,0.543,0.077,0.797,0.147,0.056
4,1,740.6386961452628,0,0,179,12.215,3.168,0.408,-0.296,0.765,0.184,0.05
4,2,958.8823391386068,0,0,187,12.257,3.134,0.406,-0.335,0.727,0.23,0.043
4,3,1022.0941084009298,0,1,219,12.378,3.027,0.425,-0.394,0.721,0.237,0.041
4,4,1143.6012448510944,0,1,203,12.426,3.01,0.453,-0.35,0.734,0.222,0.044
5,1,870.3730443571546,0,0,867,11.11,3.043,0.557,0.222,0.829,0.099,0.072
5,2,1112.7667851209515,0,0,847,11.23,3.067,0.555,0.201,0.818,0.109,0.073
5,3,1386.6049453303121,0,1,879,11.38,3.073,0.555,0.133,0.815,0.11,0.075
5,4,1440.3583557565853,0,1,848,11.271,3.096,0.562,0.083,0.825,0.098,0.077
6,1,823.930806554351,1,0,561,10.781,3.036,0.652,0.505,0.649,0.258,0.093
6,2,1323.4676444393408,1,0,566,10.869,3.058,0.64,0.467,0.65,0.258,0.092
6,3,1558.6890326471278,1,1,537,10.953,3.035,0.626,0.375,0.646,0.261,0.093
6,4,1462.0339561789363,1,1,553,11.084,3.007,0.604,0.23,0.642,0.262,0.096
7,1,812.6461644345395,0,0,400,11.41,3.033,0.562,0.29,0.525,0.21,0.265
7,2,1008.0420129936563,0,0,417,11.243,2.957,0.568,0.258,0.513,0.221,0.266
7,3,1256.231033940567,0,1,422,11.213,3.009,0.562,0.177,0.528,0.209,0.263
7,4,1559.1677124147268,0,1,383,11.175,2.927,0.572,0.183,0.535,0.204,0.261
8,1,935.8198821308417,0,0,338,11.35,2.956,0.538,0.252,0.592,0.24,0.169
8,2,1016.1797543669956,0,0,326,11.22,2.933,0.549,0.22,0.601,0.245,0.153
8,3,1038.8998431290568,0,1,412,11.305,2.93,0.507,0.014,0.614,0.255,0.131
8,4,1139.3737398182695,0,1,415,11.345,2.904,0.496,-0.026,0.627,0.248,0.125
9,1,875.8496107746138,0,0,1663,11.256,3.034,0.561,0.143,0.475,0.337,0.188
9,2,1101.3613473552643,0,0,1686,11.278,3.041,0.552,0.141,0.484,0.33,0.186
9,3,1153.453675175856,0,1,1742,11.368,3.06,0.556,0.099,0.49,0.319,0.192
9,4,1282.7546499513937,0,1,1721,11.378,3.051,0.543,0.062,0.489,0.316,0.195
10,1,983.557853939927,1,0,210,12.137,3.043,0.533,0.183,0.71,0.143,0.148
10,2,1240.9971946630099,1,0,208,12.092,3.096,0.505,0.099,0.707,0.144,0.149
10,3,1148.4983955329558,1,1,234,11.48,3.209,0.521,0.057,0.701,0.154,0.145
10,4,1398.481139156058,1,1,249,11.44,3.149,0.51,0.03,0.707,0.157,0.137
11,1,798.1282755273612,0,0,616,11.165,2.979,0.583,0.228,0.515,0.211,0.274
11,2,1114.452713588223,0,0,613,11.336,2.998,0.574,0.171,0.511,0.214,0.276
11,3,1258.0073544899592,0,1,617,11.339,3.073,0.572,0.115,0.507,0.206,0.287
11,4,1308.4894650787116,0,1,601,11.334,3.085,0.569,0.078,0.504,0.201,0.295
12,1,778.3054867260921,0,0,661,11.403,2.976,0.525,0.009,0.598,0.274,0.129
12,2,1060.1545744953737,0,0,643,11.413,2.992,0.526,0.017,0.594,0.278,0.128
12,3,1064.7774546593073,0,1,646,11.38,2.989,0.534,-0.008,0.596,0.272,0.132
12,4,1256.9857520143385,0,1,621,11.528,2.971,0.523,-0.074,0.594,0.269,0.137
13,1,845.7668096049179,0,0,574,11.915,2.967,0.551,0.063,0.8,0.172,0.028
13,2,1083.840836294597,0,0,567,11.947,2.975,0.538,0.012,0.804,0.168,0.028
13,3,1233.5107078809992,0,1,551,11.956,2.967,0.537,-0.033,0.793,0.18,0.027
13,4,1543.16436314428,0,1,533,11.948,2.932,0.537,-0.043,0.782,0.191,0.026
14,1,713.618625482017,1,0,1015,12.302,2.953,0.421,-0.596,0.623,0.237,0.14
14,2,802.1004663209496,1,0,1001,12.216,2.96,0.428,-0.541,0.629,0.228,0.143
14,3,917.0689655488645,1,1,994,12.219,2.996,0.441,-0.521,0.631,0.227,0.142
14,4,1094.3844700392126,1,1,934,12.168,3.003,0.457,-0.487,0.641,0.221,0.138
15,1,908.6191554624351,1,0,233,11.087,3.206,0.605,0.329,0.717,0.176,0.107
15,2,1365.1780335096482,1,0,238,11.105,3.218,0.584,0.272,0.727,0.16,0.113
15,3,1989.287033740686,1,1,263,11.073,3.259,0.574,0.091,0.692,0.175,0.133
15,4,1187.2492180466018,1,1,260,11.192,3.215,0.55,-0.028,0.692,0.169,0.138
16,1,572.8766860162248,0,0,61,11.314,3.131,0.59,0.026,0.803,0.082,0.115
16,2,1046.6390803306451,0,0,66,12.132,3.061,0.545,0.001,0.773,0.091,0.136
16,3,957.5737580419135,0,1,87,12.107,3.126,0.552,-0.209,0.793,0.115,0.092
16,4,826.8053543387724,0,1,90,12.31,3.278,0.622,-0.313,0.744,0.144,0.111
17,1,923.1893946075829,0,0,385,11.051,2.873,0.584,0.411,0.712,0.179,0.109
17,2,1260.2716823566557,0,0,389,11.265,2.902,0.581,0.287,0.717,0.165,0.118
17,3,1562.5954588343664,0,1,370,11.383,2.93,0.586,0.291,0.714,0.168,0.119
17,4,1711.0357182360653,0,1,353,11.171,2.949,0.575,0.245,0.705,0.184,0.11
18,1,755.6174353692909,0,0,345,11.654,3.006,0.554,-0.002,0.791,0.13,0.078
18,2,970.3256900541589,0,0,337,11.734,2.929,0.546,0.039,0.795,0.136,0.068
18,3,990.1583132527923,0,1,324,11.729,2.914,0.562,0.011,0.784,0.139,0.077
18,4,1271.164907971673,0,1,359,11.975,2.903,0.549,-0.062,0.794,0.142,0.064
19,1,748.8369916179522,1,0,549,11.838,3.031,0.545,-0.109,0.816,0.077,0.107
19,2,878.6841496858692,1,0,569,11.783,3.032,0.54,-0.123,0.807,0.076,0.118
19,3,1143.9881614789908,1,1,553,11.89,3.002,0.515,-0.168,0.808,0.072,0.119
19,4,1128.9711425334956,1,1,597,11.793,3.01,0.523,-0.208,0.809,0.074,0.117
20,1,1060.4942748268584,1,0,632,11.02,2.981,0.619,0.55,0.579,0.261,0.16
20,2,1280.0050891854964,1,0,644,10.968,3.042,0.621,0.498,0.581,0.264,0.155
20,3,1588.7233775396285,1,1,648,10.974,3.025,0.606,0.428,0.599,0.247,0.154
20,4,1566.4565264865014,1,1,704,11.004,3.085,0.582,0.305,0.589,0.259,0.152
21,1,1070.8496827749252,0,0,372,11.665,3.019,0.457,-0.171,0.411,0.376,0.212
21,2,910.0295633140902,0,0,375,11.728,3.024,0.461,-0.182,0.392,0.381,0.227
21,3,1014.8872284446046,0,1,383,11.785,2.992,0.488,-0.13,0.384,0.389,0.227
21,4,1130.7524569504906,0,1,375,11.737,3.043,0.488,-0.106,0.384,0.389,0.227
22,1,839.1007011981893,0,0,154,10.015,2.961,0.565,0.459,0.792,0.143,0.065
22,2,1120.700379581257,0,0,172,10.301,2.93,0.517,0.315,0.791,0.134,0.076
22,3,1845.1202559498336,0,1,157,10.272,2.968,0.51,0.276,0.796,0.115,0.089
22,4,1339.0064328096275,0,1,178,10.713,2.966,0.506,-0.021,0.77,0.135,0.096
23,1,777.8334069542615,1,0,287,10.884,3.056,0.606,0.526,0.787,0.171,0.042
23,2,1107.7416004533395,1,0,290,10.931,3.093,0.617,0.454,0.776,0.172,0.052
23,3,1705.6132972309076,1,1,282,10.985,3.103,0.621,0.398,0.77,0.181,0.05
23,4,1564.3876614918045,1,1,267,10.848,3.071,0.607,0.33,0.783,0.172,0.045
24,1,1003.4448922411019,0,0,842,11.593,3.114,0.548,0.114,0.447,0.343,0.21
24,2,1107.8682865304716,0,0,833,11.623,3.104,0.537,0.073,0.454,0.341,0.205
24,3,1142.7107524237783,0,1,844,11.585,3.044,0.537,0.052,0.457,0.341,0.201
24,4,1289.4552447749695,0,1,871,11.481,3.028,0.534,-0.014,0.456,0.339,0.206
25,1,855.9224405683871,1,0,1542,11.636,3.011,0.547,0.211,0.729,0.215,0.056
25,2,1207.4142462463476,1,0,1516,11.59,3.013,0.545,0.199,0.73,0.21,0.06
25,3,1281.3829092870417,1,1,1492,11.846,2.987,0.529,0.011,0.734,0.208,0.058
25,4,1380.7299702966297,1,1,1594,11.752,2.999,0.542,-0.022,0.74,0.205,0.055
26,1,870.9729728275637,0,0,2717,11.568,3.027,0.53,0.021,0.638,0.169,0.194
26,2,1016.0767196618065,0,0,2672,11.578,3.028,0.531,0.009,0.636,0.173,0.192
26,3,1099.8083115811976,0,1,2945,11.599,3.015,0.515,-0.07,0.633,0.178,0.189
26,4,1179.0100585810576,0,1,2857,11.574,3.004,0.517,-0.075,0.633,0.177,0.19
27,1,1205.1433485597397,1,0,921,11.21,2.982,0.599,0.309,0.747,0.18,0.073
27,2,1287.6914745631027,1,0,927,11.201,2.983,0.581,0.232,0.75,0.18,0.07
27,3,1451.4548124061387,1,1,955,11.488,2.97,0.569,0.156,0.74,0.185,0.074
27,4,1513.3940723003227,1,1,910,11.514,2.964,0.551,0.116,0.742,0.189,0.069
28,1,828.4891147644364,0,0,1097,11.139,2.881,0.613,0.322,0.562,0.212,0.225
28,2,994.6748954888949,0,0,1185,11.318,2.874,0.58,0.193,0.567,0.205,0.228
28,3,1124.2756624973867,0,1,1165,11.391,2.846,0.567,0.143,0.573,0.198,0.228
28,4,1296.925602705066,0,1,1113,11.386,2.849,0.562,0.095,0.577,0.192,0.231
29,1,944.7107315011663,1,0,755,11.154,3.053,0.607,0.322,0.725,0.233,0.042
29,2,1327.0985236128822,1,0,731,11.238,3.055,0.603,0.289,0.725,0.234,0.041
29,3,1439.7306107360832,1,1,731,11.212,3.074,0.601,0.25,0.724,0.234,0.042
29,4,1637.688888040815,1,1,787,11.248,3.034,0.583,0.161,0.732,0.224,0.044
30,1,761.1823901212183,0,0,1540,11.405,2.978,0.516,-0.019,0.664,0.261,0.075
30,2,952.3619267651976,0,0,1527,11.377,2.975,0.521,-0.006,0.665,0.264,0.071
30,3,1096.613441746858,0,1,1487,11.438,2.984,0.521,-0.052,0.666,0.261,0.073
30,4,1228.6359801287745,0,1,1446,11.421,2.952,0.521,-0.05,0.676,0.254,0.07
31,1,901.097595625989,0,0,371,11.547,3.097,0.642,0.218,0.747,0.113,0.14
31,2,1346.7206589027483,0,0,370,11.336,3.07,0.632,0.171,0.741,0.119,0.141
31,3,1508.0508819198214,0,1,337,11.304,3.045,0.635,0.16,0.739,0.11,0.151
31,4,1415.3687498688205,0,1,323,11.385,3,0.65,0.146,0.728,0.111,0.161
32,1,1021.454860439046,1,0,498,11.137,2.918,0.582,0.265,0.705,0.213,0.082
32,2,1499.1530082809004,1,0,474,11.12,2.918,0.584,0.262,0.709,0.211,0.08
32,3,1583.611534022563,1,1,489,11.147,2.922,0.583,0.232,0.712,0.215,0.074
32,4,1718.476362537671,1,1,464,11.271,2.894,0.588,0.188,0.713,0.205,0.082
33,1,601.4724450919182,0,0,182,11.42,3.143,0.478,-0.08,0.78,0.137,0.082
33,2,976.8182069286931,0,0,202,11.385,3.074,0.48,-0.069,0.782,0.134,0.084
33,3,868.5524837961524,0,1,199,11.416,3.085,0.472,-0.064,0.779,0.131,0.09
33,4,1140.1690850530997,0,1,206,11.544,3.015,0.495,-0.045,0.782,0.126,0.092
34,1,729.1098543976505,0,0,410,12.616,2.898,0.48,-0.433,0.615,0.251,0.134
34,2,762.2027035805816,0,0,419,12.647,2.897,0.456,-0.504,0.601,0.26,0.138
34,3,772.6334154884167,0,1,438,12.556,2.925,0.447,-0.497,0.587,0.256,0.158
34,4,974.9893889655009,0,1,446,12.446,2.951,0.466,-0.441,0.581,0.26,0.159
35,1,835.3580466225121,0,0,603,11.319,2.982,0.595,0.204,0.549,0.353,0.098
35,2,970.6048184251841,0,0,636,11.265,2.994,0.579,0.127,0.561,0.349,0.09
35,3,1068.2271617154681,0,1,659,11.301,3.026,0.557,0.052,0.569,0.351,0.08
35,4,1097.3894939704212,0,1,628,11.317,3.014,0.551,0.027,0.564,0.347,0.089
36,1,1172.1390472129006,1,0,560,10.774,2.921,0.596,0.347,0.696,0.177,0.127
36,2,1331.2407772575248,1,0,536,10.861,2.968,0.601,0.334,0.7,0.17,0.131
36,3,1339.4158606735612,1,1,514,10.903,2.957,0.597,0.301,0.706,0.158,0.136
36,4,1667.6314635960787,1,1,500,10.927,2.936,0.576,0.24,0.716,0.154,0.13
37,1,796.3650955349319,0,0,187,11.318,3.171,0.567,0.278,0.818,0.139,0.043
37,2,1268.6679818888354,0,0,190,11.454,3.211,0.563,0.238,0.821,0.137,0.042
37,3,1215.8127604495953,0,1,198,11.952,3.116,0.561,0.099,0.813,0.152,0.035
37,4,1688.9295818178016,0,1,186,11.974,3.054,0.554,0.085,0.806,0.151,0.043
38,1,762.3189165237645,0,0,299,11.432,3.107,0.522,-0.225,0.629,0.221,0.151
38,2,711.1238094832809,0,0,306,11.429,3.056,0.5,-0.213,0.647,0.199,0.154
38,3,844.8379335241273,0,1,312,11.393,3.067,0.506,-0.191,0.631,0.205,0.163
38,4,1198.3868465187911,0,1,326,11.328,3.058,0.512,-0.135,0.629,0.212,0.16
39,1,832.4803277149196,1,0,676,11.334,3.038,0.564,0.356,0.507,0.317,0.176
39,2,1162.877861988278,1,0,712,11.343,3.013,0.551,0.284,0.508,0.317,0.174
39,3,1720.4278544962956,1,1,687,11.214,2.961,0.553,0.296,0.52,0.316,0.164
39,4,1667.6133313333107,1,1,682,11.284,2.902,0.535,0.181,0.519,0.314,0.167
40,1,951.4733635372523,0,0,1016,11.118,3.016,0.624,0.482,0.66,0.218,0.122
40,2,1214.1870931208857,0,0,995,11.283,2.992,0.609,0.436,0.653,0.213,0.134
40,3,1438.3427132965103,0,1,1002,11.277,2.978,0.589,0.341,0.648,0.22,0.133
40,4,1470.4342146708677,0,1,975,11.265,2.933,0.582,0.278,0.649,0.217,0.133
41,1,632.826476918558,0,0,435,11.758,3.101,0.508,-0.274,0.786,0.106,0.108
41,2,794.4229104321339,0,0,430,11.734,3.086,0.502,-0.278,0.786,0.107,0.107
41,3,928.8237004785103,0,1,585,11.907,3.089,0.48,-0.432,0.783,0.109,0.108
41,4,924.7335874290761,0,1,575,11.769,3.111,0.494,-0.377,0.781,0.106,0.113
42,1,845.0478801980505,0,0,1803,11.676,2.976,0.53,-0.057,0.514,0.287,0.2
42,2,1014.00154713314,0,0,1799,11.776,2.998,0.513,-0.195,0.509,0.288,0.203
42,3,1079.806852064352,0,1,1742,11.732,2.997,0.511,-0.207,0.514,0.284,0.203
42,4,1240.4249780476366,0,1,1691,11.772,3.018,0.514,-0.202,0.512,0.287,0.202
43,1,644.2305366159055,1,0,151,11.462,3.113,0.583,0.112,0.417,0.55,0.033
43,2,1677.329224115941,1,0,202,11.286,3.059,0.5,-0.007,0.426,0.545,0.03
43,3,1116.4640989135378,1,1,204,11.219,3.083,0.495,-0.087,0.431,0.534,0.034
43,4,911.498140989551,1,1,199,11.249,3.02,0.497,-0.103,0.432,0.538,0.03
44,1,907.6644266248231,1,0,188,11.602,2.867,0.585,0.302,0.638,0.25,0.112
44,2,1236.025631941537,1,0,186,11.751,2.806,0.575,0.277,0.64,0.247,0.113
44,3,1123.9329701898614,1,1,187,11.563,2.866,0.567,0.206,0.658,0.23,0.112
44,4,1590.439404077853,1,1,179,11.855,2.844,0.57,0.186,0.648,0.24,0.112
45,1,869.4410102627775,0,0,238,11.099,3.059,0.571,0.293,0.651,0.303,0.046
45,2,1132.0664949255486,0,0,259,11.102,3.081,0.56,0.22,0.656,0.297,0.046
45,3,1244.852786407341,0,1,251,11.104,3.092,0.546,0.207,0.657,0.295,0.048
45,4,1174.9018674020547,0,1,253,11.091,2.992,0.557,0.17,0.648,0.308,0.043
46,1,853.0835476257515,1,0,842,11.867,2.974,0.448,-0.227,0.683,0.202,0.115
46,2,967.7091397449879,1,0,818,11.843,3.006,0.446,-0.23,0.68,0.204,0.116
46,3,1103.6513156855751,1,1,803,11.779,2.984,0.446,-0.249,0.671,0.209,0.12
46,4,1417.0462319062656,1,1,784,11.793,2.994,0.448,-0.285,0.679,0.202,0.12
47,1,903.3616594507242,0,0,538,11.225,2.954,0.574,0.186,0.582,0.219,0.199
47,2,1215.4590484937482,0,0,535,11.215,2.989,0.568,0.156,0.572,0.23,0.198
47,3,1351.4253088864089,0,1,542,11.347,3.006,0.566,0.106,0.563,0.232,0.205
47,4,1636.8781534888767,0,1,527,11.274,3.011,0.55,0.044,0.56,0.239,0.201
48,1,835.7387773032666,0,0,89,10.933,2.899,0.539,0.097,0.663,0.236,0.101
48,2,1023.945518437649,0,0,88,10.841,2.898,0.545,0.138,0.636,0.261,0.102
48,3,1270.8614854886262,0,1,84,10.917,2.845,0.512,0.129,0.69,0.214,0.095
48,4,1224.630107506317,0,1,90,11.179,3.011,0.544,0.136,0.678,0.233,0.089
49,1,783.745333502302,1,0,287,11.203,2.986,0.47,-0.259,0.672,0.146,0.181
49,2,883.3547513282674,1,0,300,11.199,2.997,0.463,-0.236,0.667,0.147,0.187
49,3,913.0246874054812,1,1,313,11.097,3.038,0.486,-0.248,0.684,0.141,0.176
49,4,1138.368730166827,1,1,318,11.107,3.031,0.462,-0.269,0.657,0.16,0.182
50,1,788.1126200110153,0,0,121,11.952,2.826,0.413,-0.53,0.95,0.05,0
50,2,808.0762439883878,0,0,119,11.978,2.84,0.42,-0.472,0.933,0.067,0
50,3,719.2956119841328,0,1,111,12.051,2.847,0.405,-0.428,0.937,0.063,0
50,4,897.2478808847371,0,1,112,11.762,2.732,0.42,-0.333,0.929,0.062,0.009
51,1,592.7057800924887,1,0,445,12.571,3,0.422,-0.567,0.89,0.04,0.07
51,2,839.3875397983538,1,0,456,12.345,2.961,0.458,-0.429,0.895,0.044,0.061
51,3,970.7643143154819,1,1,427,12.257,2.941,0.471,-0.38,0.885,0.049,0.066
51,4,1020.4931727215585,1,1,416,12.365,2.918,0.466,-0.408,0.882,0.055,0.062
52,1,816.2765346885732,0,0,920,11.435,3.085,0.517,0.064,0.65,0.297,0.053
52,2,980.4377134343741,0,0,916,11.533,3.07,0.495,0.017,0.653,0.295,0.052
52,3,1097.7863412262304,0,1,886,11.66,3.059,0.48,-0.032,0.653,0.296,0.051
52,4,1131.5125954516259,0,1,900,11.601,3.05,0.477,-0.081,0.66,0.289,0.051
53,1,883.2009786404194,1,0,1143,11.317,2.995,0.54,0.139,0.691,0.213,0.096
53,2,1194.904462346902,1,0,1128,11.317,2.997,0.544,0.106,0.684,0.214,0.102
53,3,1259.8696468123924,1,1,1131,11.412,3.033,0.537,0.037,0.677,0.22,0.103
53,4,1508.2507474571457,1,1,1095,11.477,3.002,0.52,0.014,0.673,0.226,0.101
54,1,835.668037257097,1,0,187,11.648,3.059,0.551,0.239,0.706,0.193,0.102
54,2,1102.9430139041694,1,0,181,11.499,3.044,0.575,0.247,0.713,0.188,0.099
54,3,1613.3676074650211,1,1,172,11.369,3.017,0.564,0.225,0.715,0.18,0.105
54,4,1655.3001265465327,1,1,252,11.721,3.052,0.524,-0.258,0.702,0.19,0.107
55,1,991.8042512868049,1,0,577,11.26,3.078,0.548,0.183,0.711,0.154,0.135
55,2,1093.176422697139,1,0,568,11.181,3.085,0.556,0.216,0.706,0.162,0.132
55,3,1343.0541193194217,1,1,561,11.392,3.07,0.545,0.142,0.715,0.159,0.127
55,4,1502.7189043055325,1,1,539,11.273,3.067,0.555,0.111,0.727,0.154,0.119
56,1,794.1551554525381,0,0,333,11.624,3.057,0.514,-0.077,0.7,0.219,0.081
56,2,871.5802006206557,0,0,328,11.486,3.055,0.5,-0.092,0.686,0.22,0.095
56,3,971.4630370005408,0,1,338,11.686,3.074,0.518,-0.171,0.686,0.228,0.086
56,4,1177.6262187328214,0,1,363,11.561,3.033,0.51,-0.157,0.675,0.226,0.099
57,1,909.894363924882,0,0,536,11.337,3.004,0.517,0.212,0.496,0.299,0.205
57,2,1124.6064927116304,0,0,551,11.612,3.005,0.525,0.18,0.481,0.325,0.194
57,3,1241.8995234259176,0,1,551,11.594,3.002,0.526,0.164,0.479,0.318,0.203
57,4,1490.6987095881038,0,1,539,11.526,2.963,0.525,0.116,0.481,0.319,0.2
58,1,896.6690784678715,0,0,1056,11.431,3.061,0.545,0.077,0.625,0.233,0.142
58,2,993.9234047702816,0,0,1059,11.536,3.114,0.541,0.033,0.622,0.239,0.139
58,3,1329.2148399829966,0,1,1055,11.532,3.104,0.541,0.041,0.611,0.249,0.139
58,4,1372.7080683113002,0,1,1050,11.48,3.098,0.55,0.022,0.61,0.246,0.144
59,1,888.1420922998396,1,0,918,11.359,3.039,0.546,0.065,0.638,0.211,0.15
59,2,1055.724486286735,1,0,891,11.369,3.051,0.558,0.09,0.635,0.215,0.149
59,3,1225.5654416832515,1,1,883,11.334,3.045,0.565,0.067,0.634,0.225,0.14
59,4,1489.8826432184942,1,1,901,11.52,3.088,0.563,0.023,0.629,0.224,0.147
60,1,903.7355825949561,1,0,1803,10.997,3.014,0.596,0.353,0.638,0.258,0.104
60,2,1133.512210420384,1,0,1788,10.957,3.026,0.594,0.354,0.642,0.252,0.106
60,3,1305.7158396724467,1,1,1892,10.972,3.015,0.585,0.291,0.65,0.245,0.105
60,4,1494.638439918383,1,1,1859,10.969,3.023,0.578,0.252,0.651,0.243,0.106
61,1,796.9142328544306,0,0,371,11.817,3.148,0.536,-0.085,0.693,0.226,0.081
61,2,1082.9620017826462,0,0,390,11.781,3.046,0.541,-0.063,0.685,0.228,0.087
61,3,1061.0362151531742,0,1,376,11.609,2.995,0.553,-0.067,0.686,0.229,0.085
61,4,1374.7824689724466,0,1,369,11.556,2.992,0.572,-0.073,0.696,0.225,0.079
62,1,739.0083285179875,0,0,202,10.957,2.911,0.559,0.191,0.658,0.248,0.094
62,2,1008.7028493504753,0,0,201,10.928,2.98,0.567,0.172,0.677,0.219,0.104
62,3,1362.9474226174514,0,1,207,11.137,2.908,0.556,0.013,0.696,0.213,0.092
62,4,1249.7552655280367,0,1,198,11.078,2.949,0.535,-0.001,0.692,0.207,0.101
63,1,593.46496877552,0,0,212,12.49,2.858,0.321,-1.114,0.745,0.146,0.108
63,2,492.0479784911494,0,0,219,12.668,2.817,0.329,-1.065,0.749,0.146,0.105
63,3,572.488801368988,0,1,230,12.645,2.957,0.326,-0.935,0.739,0.152,0.109
63,4,757.5570367629289,0,1,231,12.648,3,0.364,-0.875,0.758,0.147,0.095
64,1,911.7567575797773,1,0,841,11.344,2.98,0.564,0.26,0.851,0.083,0.065
64,2,1148.282948453782,1,0,867,11.437,2.99,0.557,0.244,0.857,0.078,0.065
64,3,1310.8746128196458,1,1,887,11.457,2.958,0.545,0.202,0.856,0.082,0.062
64,4,1451.2732557664947,1,1,876,11.326,2.986,0.548,0.221,0.855,0.079,0.066
65,1,714.1611126312555,1,0,346,11.489,2.893,0.572,0.16,0.76,0.075,0.165
65,2,936.6517280414556,1,0,401,11.792,2.993,0.526,-0.129,0.766,0.07,0.165
65,3,1256.7058324967584,1,1,418,11.677,2.981,0.533,-0.136,0.754,0.069,0.177
65,4,1551.548642813779,1,1,413,11.596,3.036,0.533,-0.108,0.753,0.07,0.177
66,1,546.2759781511744,0,0,166,13.185,2.958,0.343,-0.983,0.783,0.139,0.078
66,2,733.9379141182728,0,0,170,12.668,3.018,0.359,-0.86,0.782,0.141,0.076
66,3,838.625995945422,0,1,174,12.405,3.046,0.356,-0.719,0.77,0.149,0.08
66,4,782.179271083594,0,1,177,12.747,2.977,0.362,-0.764,0.785,0.141,0.073
67,1,680.3082626732389,0,0,614,11.988,3.096,0.427,-0.456,0.687,0.199,0.114
67,2,742.0348116931854,0,0,592,12.042,3.091,0.427,-0.463,0.686,0.199,0.115
67,3,1114.7573546950846,0,1,640,11.799,3.114,0.442,-0.351,0.688,0.2,0.112
67,4,1015.3873509167987,0,1,633,11.759,3.07,0.464,-0.322,0.69,0.199,0.111
68,1,724.014192035062,0,0,391,11.21,3.026,0.537,0.289,0.683,0.166,0.151
68,2,1127.2689082516283,0,0,374,11.179,3.053,0.537,0.277,0.682,0.155,0.163
68,3,1051.006963226291,0,1,358,11.239,3.008,0.52,0.19,0.673,0.165,0.162
68,4,1236.5089712568213,0,1,348,11.133,2.991,0.517,0.137,0.69,0.161,0.149
69,1,1020.4261497191455,0,0,563,11.257,2.982,0.558,0.22,0.764,0.171,0.066
69,2,1238.6297288695857,0,0,542,11.303,2.978,0.566,0.216,0.764,0.173,0.063
69,3,1581.6182830652424,0,1,536,11.229,3,0.562,0.199,0.746,0.187,0.067
69,4,1705.4446820258092,0,1,510,11.43,2.955,0.559,0.133,0.745,0.19,0.065
70,1,1097.747965567716,0,0,644,11.169,2.902,0.598,0.258,0.627,0.304,0.068
70,2,1164.1470831464424,0,0,632,11.084,2.921,0.589,0.228,0.616,0.312,0.073
70,3,1254.519168711051,0,1,618,11.118,2.958,0.578,0.169,0.591,0.332,0.078
70,4,1467.9102519066332,0,1,592,11.04,2.959,0.579,0.142,0.586,0.343,0.071
71,1,1028.623860515847,0,0,537,11.637,3.061,0.523,-0.034,0.926,0.061,0.013
71,2,907.5122867662681,0,0,523,11.703,3.107,0.522,-0.063,0.924,0.063,0.013
71,3,993.9812765258736,0,1,524,11.652,3.094,0.527,-0.098,0.926,0.059,0.015
71,4,1215.8970959303624,0,1,524,11.784,3.044,0.536,-0.149,0.916,0.065,0.019
72,1,884.3791063863954,1,0,312,11.429,2.981,0.554,0.147,0.792,0.112,0.096
72,2,1212.806871095559,1,0,307,11.323,2.938,0.537,0.104,0.798,0.107,0.094
72,3,1032.3577850096287,1,1,291,11.389,2.945,0.522,0.056,0.797,0.113,0.089
72,4,1187.9470426399068,1,1,280,11.265,3,0.518,0.047,0.796,0.114,0.089
73,1,911.6052390352136,0,0,797,11.128,3.046,0.576,0.374,0.497,0.276,0.227
73,2,1095.9739386402923,0,0,776,11.128,3.061,0.572,0.323,0.49,0.277,0.233
73,3,1286.6675406001405,0,1,771,11.139,3.07,0.569,0.283,0.489,0.278,0.233
73,4,1519.563578801507,0,1,767,11.138,3.052,0.565,0.248,0.484,0.283,0.233
74,1,858.0289472416165,1,0,1371,11.504,3.02,0.515,-0.093,0.532,0.264,0.204
74,2,1095.3995791654488,1,0,1414,11.549,3.02,0.51,-0.081,0.539,0.262,0.199
74,3,1209.5515671258263,1,1,1314,11.567,3.021,0.511,-0.099,0.542,0.259,0.199
74,4,1355.9012255028301,1,1,1286,11.624,2.997,0.499,-0.202,0.533,0.262,0.205
75,1,676.9089608195463,0,0,644,10.926,3.11,0.589,0.275,0.865,0.092,0.043
75,2,1097.7442394436039,0,0,614,10.901,3.125,0.581,0.263,0.857,0.096,0.047
75,3,1269.832770074672,0,1,586,10.932,3.102,0.57,0.221,0.848,0.102,0.049
75,4,1276.2134078610075,0,1,581,10.994,3.074,0.554,0.153,0.85,0.1,0.05
76,1,857.9531813872776,1,0,776,11.804,3.053,0.512,-0.26,0.689,0.08,0.231
76,2,1224.148971672065,1,0,779,11.744,3.063,0.503,-0.238,0.697,0.074,0.228
76,3,1052.5229168119927,1,1,767,11.758,3.044,0.516,-0.239,0.703,0.077,0.22
76,4,1263.0984888355636,1,1,812,12.023,3.03,0.495,-0.365,0.697,0.075,0.228
77,1,1249.5283568087252,1,0,320,11.372,3.059,0.528,0.073,0.691,0.166,0.144
77,2,1217.9456568618798,1,0,295,11.498,3.044,0.519,0.047,0.702,0.159,0.139
77,3,1288.6224435334716,1,1,272,11.233,3.099,0.555,0.129,0.706,0.162,0.132
77,4,1362.799275828599,1,1,259,11.033,3.151,0.556,0.108,0.703,0.174,0.124
78,1,917.7140518216644,0,0,443,11.35,2.998,0.585,0.181,0.603,0.201,0.196
78,2,1184.2149174854926,0,0,428,11.335,2.986,0.57,0.169,0.589,0.206,0.206
78,3,1099.061094319441,0,1,421,11.41,2.983,0.558,0.101,0.591,0.204,0.204
78,4,1171.6341510418886,0,1,415,11.41,3.002,0.535,0.05,0.583,0.202,0.214
79,1,919.0600823880246,1,0,603,11.123,3.075,0.629,0.44,0.957,0.03,0.013
79,2,1171.1135089756947,1,0,607,11.108,3.053,0.593,0.368,0.952,0.03,0.018
79,3,1531.9713143870702,1,1,609,11.171,3.01,0.598,0.341,0.947,0.036,0.016
79,4,1569.3854585941003,1,1,585,11.163,2.985,0.605,0.323,0.942,0.041,0.017
80,1,834.62850862173,0,0,1058,11.323,2.995,0.566,0.135,0.646,0.212,0.143
80,2,1006.5297886582556,0,0,1050,11.442,2.994,0.564,0.118,0.648,0.212,0.14
80,3,1088.9793177162658,0,1,1073,11.301,2.987,0.552,0.06,0.658,0.206,0.136
80,4,1237.9248776565075,0,1,1052,11.429,3.013,0.554,-0.035,0.66,0.205,0.135
81,1,708.8611594553822,0,0,146,12.311,2.932,0.493,-0.382,0.815,0.096,0.089
81,2,638.3836159258954,0,0,137,12.104,2.92,0.482,-0.421,0.839,0.08,0.08
81,3,802.3304413579804,0,1,141,12.085,2.872,0.482,-0.461,0.83,0.078,0.092
81,4,1187.8321976902616,0,1,140,11.765,2.907,0.479,-0.438,0.8,0.071,0.129
82,1,802.8124293811728,1,0,1098,11.922,3.031,0.518,-0.056,0.842,0.126,0.032
82,2,960.5624728840959,1,0,1074,11.829,3.029,0.529,-0.03,0.833,0.133,0.034
82,3,993.7466433822062,1,1,1053,11.95,3.04,0.5,-0.164,0.832,0.137,0.031
82,4,1346.3294717341264,1,1,1046,11.979,3.031,0.515,-0.154,0.836,0.131,0.033
83,1,765.9475318471407,0,0,515,12.065,3.13,0.412,-0.597,0.868,0.062,0.07
83,2,810.2510139585175,0,0,509,11.883,3.086,0.426,-0.512,0.876,0.057,0.067
83,3,860.5198003780782,0,1,474,11.913,3.101,0.441,-0.486,0.863,0.068,0.07
83,4,1000.1956049149536,0,1,479,11.692,3.098,0.445,-0.437,0.862,0.073,0.065
84,1,638.2648237687439,0,0,253,11.077,2.881,0.486,-0.084,0.802,0.158,0.04
84,2,994.6860789381146,0,0,239,11.212,2.862,0.473,-0.103,0.808,0.151,0.042
84,3,1001.3798955994373,0,1,225,11.16,2.889,0.471,-0.089,0.813,0.138,0.049
84,4,1050.5600125979686,0,1,214,11.257,2.925,0.467,-0.107,0.818,0.131,0.051
85,1,1064.2357719020472,1,0,701,11.316,3.061,0.593,0.211,0.65,0.183,0.167
85,2,1446.7325724326918,1,0,698,11.317,3.044,0.583,0.19,0.652,0.178,0.17
85,3,1439.6983408546823,1,1,679,11.456,2.982,0.558,0.065,0.648,0.178,0.174
85,4,1570.7299767227134,1,1,652,11.517,2.966,0.557,0.014,0.663,0.172,0.166
86,1,1057.6069871556422,1,0,142,11.291,2.944,0.648,0.539,0.718,0.225,0.056
86,2,1586.5799328534426,1,0,159,11.291,2.805,0.604,0.414,0.698,0.245,0.057
86,3,1733.3136134147078,1,1,210,11.29,3.01,0.576,0.184,0.729,0.214,0.057
86,4,1750.1954218807243,1,1,192,11.334,3.047,0.578,0.156,0.719,0.219,0.062
87,1,462.72977249453675,0,0,353,12.192,2.858,0.445,-0.293,0.844,0.116,0.04
87,2,906.0723548150979,0,0,367,12.081,2.956,0.463,-0.267,0.839,0.125,0.035
87,3,1034.9981471693293,0,1,344,11.904,2.887,0.445,-0.246,0.837,0.128,0.035
87,4,1083.439226957551,0,1,335,11.946,2.928,0.463,-0.218,0.839,0.128,0.033
88,1,823.9581759354535,0,0,2284,11.508,2.979,0.537,0.032,0.579,0.346,0.074
88,2,1007.4408185857504,0,0,2198,11.459,2.974,0.544,0.059,0.579,0.343,0.077
88,3,1070.0340650910857,0,1,2303,11.537,2.991,0.535,0.028,0.572,0.348,0.08
88,4,1159.4628372013613,0,1,2135,11.519,2.995,0.533,0.003,0.573,0.346,0.081
89,1,771.4088149043525,0,0,775,11.52,2.964,0.503,0.001,0.375,0.519,0.106
89,2,1056.13376070964,0,0,741,11.507,2.974,0.524,0.035,0.372,0.511,0.116
89,3,1306.3021753131497,0,1,709,11.262,2.946,0.533,0.086,0.36,0.523,0.117
89,4,1341.013058132587,0,1,662,11.242,2.967,0.538,0.088,0.344,0.53,0.125
90,1,673.7573477167443,0,0,1013,12.082,3.017,0.464,-0.388,0.628,0.215,0.157
90,2,765.3179136571567,0,0,974,12.016,3.039,0.455,-0.371,0.633,0.21,0.156
90,3,898.0938968305652,0,1,947,11.905,3.031,0.459,-0.321,0.629,0.21,0.161
90,4,1077.5289396465791,0,1,934,11.927,3.004,0.466,-0.375,0.642,0.202,0.155
91,1,730.9748318881127,0,0,299,12.255,3.127,0.448,-0.236,0.518,0.301,0.181
91,2,683.5245777364439,0,0,290,12.261,3.128,0.452,-0.243,0.524,0.286,0.19
91,3,977.4770176330975,0,1,278,12.179,3.165,0.453,-0.219,0.54,0.266,0.194
91,4,1093.162652933518,0,1,273,12.128,3.088,0.447,-0.247,0.549,0.256,0.194
92,1,737.4387495332695,1,0,1802,11.781,3.022,0.509,-0.17,0.687,0.165,0.148
92,2,835.0462857186948,1,0,1804,11.71,2.993,0.505,-0.173,0.689,0.167,0.144
92,3,1048.6783497885683,1,1,1854,11.771,2.996,0.515,-0.181,0.684,0.171,0.145
92,4,1269.294220413754,1,1,1817,11.678,2.996,0.517,-0.176,0.688,0.168,0.143
93,1,887.4731204677136,0,0,417,11.765,3.048,0.48,-0.131,0.916,0.055,0.029
93,2,926.9753980032178,0,0,425,11.631,3.089,0.482,-0.105,0.906,0.059,0.035
93,3,1120.09371442025,0,1,420,11.702,3.045,0.471,-0.183,0.917,0.052,0.031
93,4,1283.7144026879562,0,1,395,11.804,3.051,0.486,-0.206,0.911,0.058,0.03
94,1,694.0398929053456,0,0,1202,12.238,3.082,0.453,-0.355,0.82,0.115,0.065
94,2,721.3292512213501,0,0,1184,12.28,3.059,0.458,-0.324,0.821,0.113,0.066
94,3,832.4278190414218,0,1,1135,12.3,3.054,0.463,-0.311,0.818,0.114,0.069
94,4,984.2053390023716,0,1,1219,12.288,3.034,0.47,-0.386,0.819,0.116,0.065
95,1,952.6198707117964,1,0,207,11.432,2.923,0.551,-0.059,0.662,0.242,0.097
95,2,942.177660201986,1,0,223,11.358,2.996,0.552,-0.092,0.664,0.242,0.094
95,3,1145.7432569679086,1,1,206,11.319,2.985,0.553,-0.061,0.67,0.233,0.097
95,4,1274.918664213652,1,1,212,10.99,3.061,0.575,-0.042,0.651,0.264,0.085
96,1,739.285396030498,0,0,175,11.484,2.914,0.577,0.138,0.64,0.166,0.194
96,2,818.6604147491546,0,0,173,11.58,3.006,0.618,0.104,0.636,0.168,0.197
96,3,882.8018398295874,0,1,176,11.627,2.932,0.597,0.05,0.653,0.153,0.193
96,4,1170.913177955047,0,1,233,11.792,3.039,0.567,-0.029,0.648,0.155,0.197
97,1,676.7412793319445,0,0,2283,12.556,2.948,0.442,-0.512,0.472,0.316,0.212
97,2,761.2541107501931,0,0,2236,12.555,2.926,0.447,-0.506,0.469,0.32,0.211
97,3,825.8507310336561,0,1,2202,12.459,2.936,0.462,-0.446,0.472,0.321,0.207
97,4,913.3536774790118,0,1,2226,12.567,2.939,0.452,-0.51,0.467,0.327,0.206
98,1,853.2152039612473,0,0,1972,11.531,3.048,0.528,-0.066,0.636,0.232,0.132
98,2,1041.0661507655263,0,0,1993,11.585,3.051,0.515,-0.143,0.64,0.229,0.131
98,3,1054.7480380288134,0,1,2032,11.593,3.058,0.514,-0.195,0.643,0.227,0.13
98,4,1055.5159306576438,0,1,1988,11.665,3.045,0.518,-0.212,0.642,0.226,0.132
99,1,487.2044479463164,0,0,195,12.59,2.841,0.333,-0.778,0.759,0.144,0.097
99,2,585.0731872238066,0,0,196,12.661,2.832,0.357,-0.7,0.75,0.153,0.097
99,3,769.3329220067699,0,1,218,12.387,2.739,0.372,-0.676,0.739,0.161,0.101
99,4,890.677368568834,0,1,220,12.377,2.777,0.359,-0.629,0.745,0.155,0.1
100,1,867.0738290541401,0,0,1057,11.53,3.061,0.553,0.014,0.788,0.068,0.144
100,2,1054.3044331086155,0,0,1038,11.57,3.066,0.552,0.021,0.789,0.067,0.144
100,3,1092.7964847386193,0,1,1054,11.513,3.033,0.551,-0.025,0.788,0.07,0.141
100,4,1238.2685700016466,0,1,1027,11.548,3.063,0.542,-0.037,0.776,0.072,0.152
101,1,958.6628603109691,1,0,1970,11.501,3.049,0.528,0.021,0.652,0.225,0.123
101,2,1162.4529037988361,1,0,1920,11.54,3.046,0.524,-0.002,0.655,0.224,0.121
101,3,1334.2093170642422,1,1,1954,11.513,3.039,0.532,0.017,0.658,0.222,0.12
101,4,1490.6348910980826,1,1,1930,11.509,3.025,0.526,-0.022,0.65,0.23,0.12
102,1,842.5411145810169,0,0,385,11.413,2.974,0.509,-0.049,0.517,0.387,0.096
102,2,903.9969374417005,0,0,403,11.638,3.02,0.501,-0.101,0.511,0.392,0.097
102,3,978.6672876994754,0,1,395,11.514,2.937,0.489,-0.116,0.489,0.415,0.096
102,4,1036.00148031307,0,1,404,11.426,3,0.485,-0.105,0.49,0.418,0.092
103,1,846.8983820777437,1,0,306,12.119,3.01,0.408,-0.376,0.699,0.183,0.118
103,2,673.0923809618056,1,0,294,11.931,2.997,0.432,-0.323,0.673,0.197,0.129
103,3,1001.4107696219272,1,1,296,11.806,2.99,0.459,-0.321,0.696,0.186,0.118
103,4,1167.9795926103156,1,1,373,11.789,2.925,0.469,-0.35,0.713,0.193,0.094
104,1,1025.7347613558186,1,0,393,11.609,2.967,0.519,0.069,0.791,0.186,0.023
104,2,1101.040950484601,1,0,493,11.593,3.004,0.521,0.049,0.761,0.213,0.026
104,3,1305.2450220904357,1,1,500,11.645,3,0.516,-0.001,0.774,0.2,0.026
104,4,1468.866774131173,1,1,484,11.626,3.029,0.512,-0.009,0.771,0.207,0.023
105,1,1039.4955917291138,0,0,1542,10.554,3.044,0.689,0.801,0.586,0.297,0.117
105,2,1440.6926519911863,0,0,1557,10.717,3.017,0.675,0.724,0.585,0.299,0.116
105,3,1544.3150772891115,0,1,1486,10.778,3.022,0.664,0.653,0.585,0.299,0.116
105,4,1596.543434615738,0,1,1478,10.878,3.021,0.644,0.525,0.593,0.293,0.114
106,1,873.5830856058991,0,0,434,11.907,2.995,0.502,-0.13,0.774,0.147,0.078
106,2,974.551084596285,0,0,423,12.013,3.007,0.522,-0.145,0.766,0.156,0.078
106,3,1021.7997793453594,0,1,413,12.189,3.007,0.513,-0.197,0.753,0.157,0.09
106,4,1319.00289049655,0,1,386,12.235,3.013,0.516,-0.23,0.751,0.161,0.088
107,1,754.9266916290435,0,0,587,11.575,3.007,0.532,-0.064,0.721,0.157,0.123
107,2,928.0362425181715,0,0,551,11.561,3.024,0.541,-0.049,0.717,0.158,0.125
107,3,919.6122662861468,0,1,605,11.59,2.965,0.531,-0.088,0.719,0.162,0.119
107,4,1141.4902090973953,0,1,599,11.694,2.947,0.519,-0.152,0.723,0.162,0.115
108,1,884.5316791077215,0,0,1370,11.694,3.003,0.523,-0.015,0.504,0.369,0.127
108,2,1109.7704215900037,0,0,1324,11.704,2.984,0.53,-0.008,0.507,0.365,0.128
108,3,1285.3300864897221,0,1,1306,11.688,3.003,0.523,-0.058,0.505,0.369,0.126
108,4,1385.2424499011122,0,1,1299,11.629,3.041,0.524,-0.074,0.505,0.37,0.125
109,1,669.8323130602829,0,0,265,12.013,3.026,0.445,-0.216,0.585,0.309,0.106
109,2,894.5727878816634,0,0,271,11.955,3.018,0.435,-0.239,0.583,0.31,0.107
109,3,915.8843906189359,0,1,253,11.982,2.98,0.431,-0.246,0.553,0.324,0.123
109,4,1230.6757640536728,0,1,240,11.972,2.987,0.462,-0.222,0.546,0.354,0.1
110,1,793.0182646151627,0,0,360,11.108,2.958,0.611,0.467,0.719,0.206,0.075
110,2,1067.1773117532664,0,0,342,11.373,3.006,0.582,0.405,0.716,0.213,0.07
110,3,1288.2966426173682,0,1,323,11.425,3.059,0.582,0.389,0.715,0.214,0.071
110,4,1674.8611506492616,0,1,324,11.68,3.08,0.565,0.294,0.722,0.204,0.074
111,1,1152.0936352463425,0,0,463,11.193,2.918,0.575,0.247,0.693,0.203,0.104
111,2,1410.021687991817,0,0,476,11.403,2.916,0.563,0.155,0.702,0.202,0.097
111,3,1304.427498373865,0,1,508,11.485,2.886,0.543,0.043,0.691,0.207,0.102
111,4,1281.7888351303957,0,1,500,11.535,2.91,0.538,-0.004,0.7,0.202,0.098
112,1,725.4338466483628,0,0,603,12.133,2.94,0.466,-0.357,0.846,0.083,0.071
112,2,952.981085553364,0,0,612,12.148,2.926,0.479,-0.349,0.838,0.088,0.074
112,3,844.4284721049895,0,1,581,12.16,2.979,0.484,-0.364,0.849,0.077,0.074
112,4,919.8937236018922,0,1,566,12.116,3.007,0.484,-0.395,0.841,0.081,0.078
113,1,725.9104802143195,0,0,588,11.84,3.031,0.512,-0.102,0.673,0.095,0.231
113,2,962.3132749964003,0,0,545,11.814,3.037,0.521,-0.075,0.677,0.09,0.233
113,3,1144.7779731149924,0,1,527,11.83,3.046,0.529,-0.077,0.674,0.087,0.239
113,4,1315.024605698565,0,1,491,11.884,3.024,0.536,-0.096,0.682,0.084,0.234
114,1,806.3318501189748,0,0,1803,11.618,2.908,0.498,-0.146,0.675,0.273,0.052
114,2,911.9256497423904,0,0,2069,11.5,2.953,0.495,-0.138,0.681,0.268,0.051
114,3,1005.7346059725235,0,1,2122,11.709,2.955,0.483,-0.261,0.674,0.276,0.05
114,4,1247.5737107217499,0,1,2092,11.651,2.969,0.484,-0.273,0.67,0.282,0.048
115,1,840.5213661379071,0,0,273,11.412,3.066,0.626,0.517,0.773,0.088,0.139
115,2,1371.5063325959884,0,0,311,11.625,3.029,0.566,0.253,0.804,0.08,0.116
115,3,1367.5242284739925,0,1,323,11.624,3.022,0.548,0.133,0.774,0.096,0.13
115,4,1359.0075461465149,0,1,299,11.585,3.027,0.538,0.128,0.756,0.09,0.154
116,1,809.2133209182898,1,0,183,11.59,3.087,0.481,0.134,0.831,0.115,0.055
116,2,835.7807240280737,1,0,250,11.776,3.024,0.524,0.076,0.84,0.124,0.036
116,3,866.8683760230175,1,1,324,11.985,3.13,0.534,-0.06,0.846,0.117,0.037
116,4,1189.7840784780283,1,1,308,11.88,3.101,0.532,-0.048,0.844,0.117,0.039
117,1,1095.250414632017,0,0,378,11.127,3.016,0.656,0.506,0.571,0.328,0.101
117,2,1301.3731466130505,0,0,367,11.124,2.978,0.649,0.502,0.58,0.324,0.095
117,3,1403.5580399180783,0,1,363,11.224,3.003,0.631,0.422,0.565,0.336,0.099
117,4,1691.1359533598059,0,1,365,11.286,3.038,0.619,0.314,0.578,0.326,0.096
118,1,889.1502069625299,1,0,477,11.071,2.906,0.572,0.133,0.723,0.143,0.134
118,2,1227.7944504002894,1,0,466,10.971,2.893,0.567,0.124,0.727,0.148,0.124
118,3,1262.3659790212942,1,1,484,11.048,2.946,0.545,-0.032,0.711,0.153,0.136
118,4,1137.8668495626027,1,1,595,11.448,3.003,0.528,-0.293,0.694,0.155,0.151
119,1,971.6415597717983,1,0,213,12.237,2.944,0.413,-0.478,0.54,0.362,0.099
119,2,776.5248481510697,1,0,214,12.399,2.907,0.397,-0.489,0.556,0.346,0.098
119,3,916.6435194504569,1,1,203,12.293,2.906,0.394,-0.476,0.567,0.355,0.079
119,4,1090.6929910572815,1,1,223,12.473,3.004,0.399,-0.536,0.538,0.377,0.085
120,1,582.3260205858638,0,0,561,12.85,3.102,0.365,-0.807,0.795,0.171,0.034
120,2,648.659025483771,0,0,549,12.686,3.118,0.383,-0.735,0.798,0.171,0.031
120,3,753.5946378953096,0,1,558,12.802,3.097,0.375,-0.808,0.796,0.176,0.029
120,4,833.2949402014336,0,1,714,12.473,3.091,0.406,-0.708,0.8,0.168,0.032
121,1,740.7731851162624,0,0,717,11.284,3.096,0.548,0.235,0.696,0.179,0.126
121,2,1176.6306320937595,0,0,714,11.501,3.029,0.515,0.13,0.685,0.182,0.133
121,3,1179.9692538582576,0,1,722,11.627,3.028,0.508,-0.004,0.676,0.187,0.137
121,4,1319.9031536893535,0,1,729,11.627,3.025,0.503,-0.03,0.678,0.185,0.137
122,1,1327.9496897317165,0,0,355,10.346,2.992,0.631,0.502,0.423,0.482,0.096
122,2,1251.4149916910028,0,0,347,10.557,2.948,0.611,0.452,0.415,0.481,0.104
122,3,1476.2398710608702,0,1,366,10.785,2.902,0.577,0.337,0.415,0.492,0.093
122,4,1494.7270018960162,0,1,355,10.853,2.915,0.592,0.303,0.414,0.485,0.101
123,1,800.5322053557411,1,0,455,11.764,3.114,0.534,0.018,0.477,0.229,0.295
123,2,1143.2724781166155,1,0,482,11.651,3.098,0.537,0.011,0.459,0.245,0.297
123,3,1054.6722295451636,1,1,487,11.572,3.099,0.54,0.003,0.448,0.255,0.298
123,4,1287.8727963877332,1,1,480,11.483,3.11,0.54,-0.015,0.456,0.252,0.292
124,1,946.7170131727647,1,0,90,10.141,3.333,0.633,0.601,0.667,0.233,0.1
124,2,1752.14192372376,1,0,91,10.445,3.286,0.626,0.584,0.703,0.209,0.088
124,3,1213.1470033533574,1,1,87,10.486,3.402,0.655,0.515,0.736,0.207,0.057
124,4,1544.758170662653,1,1,105,10.774,3.305,0.638,0.269,0.714,0.219,0.067
125,1,1440.85424443487,1,0,78,10.875,3.115,0.718,0.137,0.654,0.167,0.179
125,2,1820.5887303396835,1,0,75,10.678,3.16,0.707,0.071,0.667,0.173,0.16
125,3,1185.7326860272233,1,1,100,10.787,3.09,0.62,-0.039,0.66,0.19,0.15
125,4,1235.7637195757352,1,1,92,10.86,3.152,0.609,-0.089,0.641,0.196,0.163
126,1,617.9900174747798,0,0,292,12.235,3.075,0.438,-0.21,0.747,0.216,0.038
126,2,1017.9378857381873,0,0,287,12.044,3.098,0.47,-0.125,0.735,0.226,0.038
126,3,961.0124825953491,0,1,280,12.169,3.111,0.468,-0.156,0.736,0.229,0.036
126,4,1171.835011361711,0,1,283,12.047,3.102,0.477,-0.141,0.714,0.24,0.046
127,1,1122.0050882104438,0,0,224,11.342,3.04,0.607,0.465,0.665,0.174,0.161
127,2,1346.3562719194442,0,0,219,11.295,3.05,0.612,0.391,0.671,0.164,0.164
127,3,1516.8850319939766,0,1,241,11.341,3.004,0.585,0.271,0.693,0.149,0.158
127,4,1301.7107134844925,0,1,240,11.274,3.021,0.575,0.195,0.704,0.142,0.154
128,1,1041.188717151706,0,0,114,10.68,3.175,0.684,0.546,0.912,0.061,0.026
128,2,1120.6741160694107,0,0,107,10.784,3.178,0.673,0.511,0.925,0.056,0.019
128,3,1208.8193110876277,0,1,127,10.563,3.197,0.654,0.427,0.906,0.071,0.024
128,4,1324.4233315400302,0,1,152,11.141,3.092,0.638,0.214,0.888,0.059,0.053
129,1,769.0370837006648,0,0,562,10.818,3.039,0.609,0.474,0.617,0.146,0.237
129,2,1098.0066937902445,0,0,534,10.755,3.051,0.62,0.484,0.61,0.15,0.24
129,3,1492.8326779459621,0,1,551,10.76,3.082,0.615,0.43,0.601,0.154,0.245
129,4,1489.8857200129125,0,1,537,10.994,3.019,0.607,0.325,0.611,0.142,0.248
130,1,924.2612266658873,0,0,3722,10.755,3.046,0.654,0.59,0.317,0.428,0.256
130,2,1246.7791655803783,0,0,3528,10.804,3.056,0.649,0.538,0.319,0.425,0.257
130,3,1407.4532252464971,0,1,3480,10.843,3.027,0.642,0.496,0.318,0.426,0.256
130,4,1605.6571872240913,0,1,3526,10.923,3.046,0.628,0.415,0.32,0.427,0.253
131,1,707.3896321674424,0,0,233,11.601,2.794,0.579,0.201,0.897,0.069,0.034
131,2,901.7728258628157,0,0,225,11.658,2.791,0.591,0.179,0.911,0.062,0.027
131,3,1329.1199237264616,0,1,215,11.565,2.758,0.614,0.167,0.912,0.065,0.023
131,4,1316.660648285698,0,1,240,11.57,2.833,0.6,0.068,0.908,0.067,0.025
132,1,818.0149301916788,0,0,417,10.804,3.026,0.624,0.529,0.686,0.249,0.065
132,2,1201.6876592401518,0,0,429,10.954,3.068,0.613,0.487,0.69,0.242,0.068
132,3,1594.1681697263866,0,1,418,10.924,3.014,0.591,0.409,0.699,0.234,0.067
132,4,1769.3375534889012,0,1,422,10.911,3.024,0.6,0.326,0.694,0.227,0.078
133,1,728.2918186615093,0,0,371,11.811,3.024,0.515,-0.054,0.717,0.154,0.129
133,2,833.7418655680742,0,0,383,11.846,3.068,0.517,-0.069,0.721,0.146,0.133
133,3,1333.536860776057,0,1,373,11.841,3.118,0.512,-0.103,0.718,0.153,0.129
133,4,1117.5175917930387,0,1,347,11.939,3.173,0.507,-0.13,0.715,0.164,0.121
134,1,824.8031687424539,1,0,1252,11.766,2.958,0.489,-0.155,0.929,0.046,0.026
134,2,974.0090819632669,1,0,1200,11.663,2.962,0.498,-0.135,0.933,0.044,0.022
134,3,966.0998308581277,1,1,1140,11.745,2.947,0.48,-0.202,0.93,0.045,0.025
134,4,1201.6195114793143,1,1,1115,11.589,2.944,0.5,-0.164,0.929,0.048,0.022
135,1,1019.6338574407886,0,0,376,11.295,3.13,0.572,0.11,0.559,0.277,0.165
135,2,995.203532252795,0,0,440,11.38,3.139,0.566,0.124,0.561,0.275,0.164
135,3,1198.5375817552754,0,1,438,11.359,3.16,0.557,0.044,0.557,0.276,0.167
135,4,1164.4011520401993,0,1,436,11.371,3.124,0.553,-0.023,0.576,0.275,0.149
136,1,925.546303590431,0,0,920,11.609,2.997,0.455,-0.35,0.738,0.175,0.087
136,2,813.5255187594817,0,0,871,11.557,3.002,0.454,-0.341,0.737,0.172,0.091
136,3,1076.317883915551,0,1,842,11.506,3.025,0.469,-0.301,0.736,0.177,0.087
136,4,1019.7995611661916,0,1,812,11.481,3.017,0.473,-0.318,0.735,0.182,0.083
137,1,880.8564276023443,1,0,378,11.344,2.966,0.593,0.224,0.788,0.156,0.056
137,2,1426.358084484922,1,0,373,11.358,2.997,0.609,0.187,0.788,0.161,0.051
137,3,1476.5764341597808,1,1,353,11.376,2.966,0.615,0.178,0.793,0.156,0.051
137,4,1354.0491489309095,1,1,411,11.429,2.893,0.586,0.025,0.791,0.156,0.054
138,1,945.8058996786168,0,0,204,11.257,2.789,0.569,0.242,0.471,0.328,0.201
138,2,1386.129241440096,0,0,197,11.175,2.711,0.558,0.231,0.477,0.33,0.193
138,3,1716.46801285001,0,1,196,11.294,2.75,0.587,0.216,0.459,0.347,0.194
138,4,1402.4556363597965,0,1,187,11.639,2.786,0.583,0.158,0.471,0.342,0.187
139,1,959.6270315420419,1,0,618,10.656,2.968,0.673,0.653,0.521,0.362,0.117
139,2,1382.07522196475,1,0,616,10.74,2.979,0.656,0.585,0.515,0.359,0.127
139,3,1421.4851024983734,1,1,570,10.784,2.975,0.637,0.522,0.507,0.353,0.14
139,4,1533.5175616102745,1,1,574,10.896,3.007,0.62,0.376,0.516,0.341,0.143
140,1,791.2459853244432,0,0,984,11.471,3.037,0.52,-0.02,0.78,0.126,0.093
140,2,925.3318447231393,0,0,988,11.465,3.02,0.522,-0.006,0.78,0.126,0.094
140,3,1168.8349018774607,0,1,981,11.448,3.035,0.517,-0.035,0.777,0.127,0.096
140,4,1248.5180797289458,0,1,1209,11.583,3.025,0.486,-0.228,0.773,0.136,0.092
141,1,745.1455683958551,0,0,378,12.382,3.066,0.447,-0.309,0.675,0.243,0.082
141,2,861.5339162999562,0,0,359,12.32,3.022,0.443,-0.316,0.708,0.217,0.075
141,3,1343.6633121491298,0,1,365,12.211,2.989,0.458,-0.256,0.704,0.211,0.085
141,4,1097.29258639475,0,1,360,12.26,2.989,0.472,-0.265,0.7,0.208,0.092
142,1,961.2285845822424,1,0,2720,11.335,2.968,0.559,0.198,0.6,0.27,0.129
142,2,1176.3573235344734,1,0,2532,11.312,2.955,0.563,0.188,0.601,0.269,0.13
142,3,1265.6085429746436,1,1,2553,11.351,2.976,0.56,0.153,0.606,0.264,0.13
142,4,1416.0764031387534,1,1,2613,11.319,2.984,0.556,0.135,0.607,0.266,0.127
143,1,1212.2591567722397,0,0,401,11.608,3.107,0.496,-0.098,0.698,0.202,0.1
143,2,909.5356824609875,0,0,374,11.672,3.075,0.497,-0.065,0.706,0.193,0.102
143,3,937.7114179151467,0,1,378,11.597,2.987,0.503,-0.121,0.704,0.19,0.106
143,4,971.2113301836977,0,1,373,11.49,3.005,0.496,-0.161,0.708,0.188,0.105
144,1,637.0447115466809,0,0,679,12.488,2.984,0.393,-0.769,0.866,0.091,0.043
144,2,612.2528864775772,0,0,659,12.377,2.968,0.405,-0.684,0.868,0.09,0.042
144,3,676.0881133155905,0,1,650,12.254,2.971,0.409,-0.619,0.868,0.089,0.043
144,4,817.4973094189446,0,1,649,12.161,3.051,0.425,-0.562,0.878,0.083,0.039
145,1,1033.3940542656019,0,0,484,11.777,2.963,0.502,-0.13,0.702,0.198,0.099
145,2,945.3900987222156,0,0,500,11.604,2.944,0.496,-0.121,0.682,0.218,0.1
145,3,1054.5328337443368,0,1,534,11.561,2.936,0.493,-0.157,0.685,0.213,0.101
145,4,1407.2404653463102,0,1,517,11.527,2.932,0.491,-0.176,0.687,0.215,0.099
146,1,699.7367225523896,0,0,77,11.098,3.078,0.494,0.001,0.623,0.286,0.091
146,2,1225.2038952884882,0,0,80,10.889,3.025,0.488,-0.01,0.613,0.275,0.112
146,3,858.2113376413371,0,1,142,12.752,3.113,0.408,-0.755,0.57,0.261,0.169
146,4,980.4425476558274,0,1,132,12.857,3.182,0.424,-0.788,0.568,0.25,0.182
147,1,800.2423377482651,0,0,416,11.506,3.038,0.519,-0.21,0.587,0.365,0.048
147,2,909.6609325518978,0,0,439,11.588,3.059,0.528,-0.217,0.599,0.358,0.043
147,3,1199.9515122336268,0,1,425,11.674,3.085,0.529,-0.203,0.598,0.358,0.045
147,4,1136.326130502005,0,1,421,11.722,3.126,0.511,-0.227,0.601,0.359,0.04
148,1,577.9949256859483,0,0,182,11.611,2.819,0.522,0.156,0.72,0.209,0.071
148,2,1329.714444259142,0,0,195,11.489,2.785,0.503,0.159,0.703,0.215,0.082
148,3,1326.7303097952035,0,1,193,11.415,2.834,0.508,0.13,0.694,0.233,0.073
148,4,1130.0334489663248,0,1,191,11.552,2.901,0.482,-0.005,0.696,0.23,0.073
149,1,1010.2712196122005,1,0,754,10.899,2.92,0.622,0.37,0.871,0.082,0.046
149,2,1120.258066837195,1,0,832,11.035,2.924,0.613,0.291,0.867,0.085,0.048
149,3,1400.483828278678,1,1,785,10.988,2.946,0.614,0.282,0.865,0.084,0.051
149,4,1704.825913381963,1,1,768,11.184,2.977,0.599,0.204,0.858,0.087,0.055
150,1,890.6198950377487,0,0,2282,11.366,2.986,0.539,0.071,0.644,0.126,0.23
150,2,1021.8366815915738,0,0,2368,11.368,2.972,0.533,0.043,0.647,0.126,0.227
150,3,1106.78694854162,0,1,2372,11.402,2.987,0.523,-0.012,0.649,0.125,0.226
150,4,1301.1307385271155,0,1,2317,11.441,3.003,0.53,-0.047,0.649,0.123,0.228
151,1,792.1364728339862,0,0,294,11.678,3,0.473,0.012,0.735,0.139,0.126
151,2,844.5965110912524,0,0,299,11.629,2.993,0.495,0.021,0.732,0.137,0.13
151,3,887.7913242900453,0,1,282,11.797,3.028,0.489,0.016,0.706,0.149,0.145
151,4,1281.2477195423548,0,1,274,11.847,3.062,0.485,0.001,0.701,0.161,0.139
152,1,1031.0595226868013,0,0,285,11.345,3.035,0.565,0.177,0.737,0.144,0.119
152,2,1134.1155095415618,0,0,284,11.384,3.042,0.556,0.16,0.725,0.144,0.13
152,3,1432.6140715959561,0,1,286,11.41,3.017,0.535,0.122,0.717,0.164,0.119
152,4,1594.728290734448,0,1,270,11.522,3.081,0.519,0.099,0.722,0.163,0.115
153,1,801.4787128242851,0,0,799,11.142,3.014,0.599,0.249,0.299,0.613,0.088
153,2,1104.0225719349019,0,0,762,11.114,3.014,0.602,0.246,0.307,0.61,0.083
153,3,1326.9621318117531,0,1,776,11.136,3.041,0.593,0.209,0.3,0.617,0.082
153,4,1343.1115833273793,0,1,827,11.25,3.046,0.583,0.169,0.308,0.606,0.086
154,1,793.6494973410892,1,0,506,10.616,2.84,0.66,0.686,0.626,0.247,0.126
154,2,1265.725427628849,1,0,502,10.732,2.853,0.653,0.609,0.608,0.259,0.133
154,3,1581.8599011760339,1,1,501,10.816,2.864,0.649,0.535,0.613,0.257,0.13
154,4,1827.43546063057,1,1,474,10.891,2.88,0.629,0.446,0.608,0.262,0.131
155,1,1102.9721132761224,0,0,125,11.503,3.08,0.528,0.168,0.472,0.256,0.272
155,2,1458.7551056007342,0,0,141,11.288,3.057,0.518,0.062,0.468,0.262,0.27
155,3,1306.3621231840082,0,1,138,11.37,3,0.514,0.03,0.457,0.261,0.283
155,4,1273.1958760206153,0,1,151,11.525,2.987,0.51,-0.094,0.47,0.232,0.298
156,1,1042.445153086602,0,0,172,12.065,3.122,0.547,-0.164,0.698,0.25,0.052
156,2,801.8973268119908,0,0,179,12.203,3.173,0.525,-0.206,0.698,0.246,0.056
156,3,863.7895759597761,0,1,189,12.053,3.037,0.519,-0.235,0.667,0.265,0.069
156,4,825.7343547357754,0,1,213,12.013,3.014,0.54,-0.152,0.662,0.263,0.075
157,1,722.6248517745449,0,0,917,11.208,3.022,0.51,0.034,0.784,0.155,0.061
157,2,991.1456915618407,0,0,900,11.29,2.983,0.513,0.006,0.786,0.156,0.059
157,3,1129.121170442789,0,1,899,11.286,2.99,0.519,-0.049,0.798,0.142,0.06
157,4,1386.232785289834,0,1,877,11.341,3.027,0.517,-0.073,0.8,0.136,0.064
158,1,765.0304513330007,0,0,1098,11.008,2.998,0.579,0.22,0.821,0.128,0.05
158,2,1024.3851405326034,0,0,1071,11.041,3.035,0.57,0.223,0.821,0.131,0.049
158,3,1213.4825358527467,0,1,1038,11.203,3.017,0.556,0.101,0.816,0.133,0.051
158,4,1309.9359277445624,0,1,1058,11.2,3.014,0.56,0.072,0.814,0.137,0.049
159,1,888.6889810089481,0,0,822,11.802,2.921,0.507,-0.164,0.892,0.067,0.041
159,2,956.8291211187736,0,0,839,11.67,2.937,0.513,-0.134,0.884,0.07,0.045
159,3,1051.688645597858,0,1,822,11.553,2.943,0.522,-0.099,0.881,0.071,0.049
159,4,1176.5393056476096,0,1,802,11.49,2.959,0.515,-0.076,0.883,0.072,0.045
160,1,741.5802625106866,0,0,1015,11.198,2.948,0.576,0.13,0.856,0.09,0.054
160,2,886.3514146927474,0,0,1096,11.25,2.979,0.579,0.104,0.852,0.094,0.054
160,3,1058.492975470446,0,1,1064,11.277,3.03,0.577,0.096,0.856,0.092,0.052
160,4,1288.964097567158,0,1,1059,11.315,3.069,0.58,0.066,0.85,0.095,0.055
161,1,879.9447241752308,1,0,393,11.593,2.985,0.527,-0.006,0.519,0.318,0.163
161,2,1147.3896648968553,1,0,391,11.47,2.967,0.542,0.025,0.509,0.32,0.171
161,3,1249.6540280548293,1,1,381,11.529,2.976,0.554,-0.006,0.501,0.323,0.176
161,4,1364.008632724166,1,1,426,11.613,2.995,0.545,-0.12,0.521,0.312,0.167
162,1,777.0530216683816,1,0,550,11.072,3.084,0.569,0.102,0.553,0.367,0.08
162,2,977.9276824153144,1,0,551,11.055,3.078,0.572,0.108,0.57,0.347,0.083
162,3,1072.068854519764,1,1,612,11.398,3.033,0.542,-0.082,0.564,0.351,0.085
162,4,1275.750060379244,1,1,608,11.459,3.043,0.525,-0.132,0.554,0.36,0.086
163,1,1081.706294600588,1,0,527,11.271,2.979,0.584,0.201,0.62,0.334,0.046
163,2,1230.4332544580986,1,0,596,11.699,3.013,0.56,0.047,0.614,0.339,0.047
163,3,1455.208573611088,1,1,584,11.714,3.021,0.575,0.022,0.611,0.337,0.051
163,4,1696.5176701444088,1,1,556,11.628,2.984,0.576,0.012,0.599,0.344,0.058
164,1,917.2781438990686,0,0,427,11.716,3.126,0.496,0.025,0.29,0.527,0.183
164,2,1120.8701852433828,0,0,440,11.577,3.141,0.509,0.071,0.291,0.523,0.186
164,3,1265.209463681194,0,1,435,11.605,3.08,0.497,0.055,0.28,0.522,0.198
164,4,1374.8361997618401,0,1,442,11.701,3.02,0.482,-0.08,0.281,0.525,0.195
165,1,844.5081304907292,0,0,821,11.134,3.074,0.62,0.332,0.793,0.141,0.066
165,2,1050.340685592588,0,0,823,11.173,3.079,0.597,0.286,0.801,0.134,0.066
165,3,1211.9868949726504,0,1,807,11.17,3.062,0.601,0.277,0.8,0.134,0.066
165,4,1433.9385488943603,0,1,802,11.245,3.06,0.596,0.217,0.794,0.141,0.065
166,1,485.78635397703243,0,0,320,13.377,3.087,0.294,-1.359,0.8,0.169,0.031
166,2,479.12129164038805,0,0,303,13.308,3.056,0.327,-1.249,0.809,0.172,0.02
166,3,516.4768908812147,0,1,309,12.923,3.019,0.333,-1.176,0.816,0.159,0.026
166,4,754.4201849803104,0,1,301,12.823,2.957,0.332,-1.093,0.824,0.15,0.027
167,1,1047.2869968230725,0,0,575,11.649,2.871,0.501,-0.117,0.55,0.337,0.113
167,2,959.2871457851019,0,0,616,11.514,2.894,0.516,-0.084,0.544,0.343,0.114
167,3,998.2679739168717,0,1,652,11.73,2.897,0.523,-0.154,0.544,0.34,0.115
167,4,1228.416726668373,0,1,629,11.811,2.911,0.52,-0.165,0.545,0.329,0.126
168,1,969.7014668105971,1,0,1015,11.159,3.025,0.577,0.294,0.884,0.077,0.039
168,2,1047.5788775207916,1,0,985,11.164,2.992,0.575,0.268,0.883,0.078,0.039
168,3,1207.8141388433191,1,1,1028,11.382,2.999,0.557,0.179,0.883,0.077,0.04
168,4,1385.589381635841,1,1,1016,11.44,3.026,0.557,0.129,0.876,0.083,0.041
169,1,929.9380116674364,0,0,113,11.039,3.142,0.549,0.288,0.531,0.292,0.177
169,2,1344.981354813414,0,0,124,10.863,3.105,0.573,0.266,0.516,0.323,0.161
169,3,1105.1015252898292,0,1,138,11.066,2.986,0.522,0.105,0.507,0.341,0.152
169,4,1361.4873019645822,0,1,149,11.175,2.886,0.503,-0.043,0.517,0.349,0.134
170,1,763.741309498173,0,0,408,11.67,2.951,0.522,-0.23,0.583,0.343,0.074
170,2,872.9392398154351,0,0,393,11.734,2.919,0.529,-0.232,0.593,0.344,0.064
170,3,1109.4269605690902,0,1,382,11.659,2.937,0.542,-0.21,0.589,0.346,0.065
170,4,1214.3474357715788,0,1,367,11.559,2.948,0.548,-0.221,0.58,0.354,0.065
171,1,786.605338991275,0,0,114,11.632,2.93,0.518,0.069,0.693,0.149,0.158
171,2,908.1702352419294,0,0,125,11.606,2.824,0.52,-0.03,0.712,0.152,0.136
171,3,1004.5139487497181,0,1,147,11.783,2.85,0.517,-0.062,0.707,0.184,0.109
171,4,1256.7573210200965,0,1,185,11.711,2.784,0.524,-0.063,0.703,0.189,0.108
172,1,890.0127932251842,0,0,660,11.051,3.055,0.633,0.605,0.758,0.194,0.048
172,2,1429.227689142545,0,0,664,11.14,3.048,0.614,0.504,0.761,0.191,0.048
172,3,1584.2866387590925,0,1,651,11.013,2.998,0.604,0.455,0.767,0.187,0.046
172,4,1712.2337711752461,0,1,654,11.026,2.983,0.602,0.36,0.771,0.187,0.043
173,1,892.2941410618021,0,0,1463,11.657,3.09,0.528,0.034,0.787,0.138,0.075
173,2,1041.3058850438304,0,0,1437,11.689,3.088,0.521,0.02,0.797,0.131,0.072
173,3,1275.115760433211,0,1,1430,11.703,3.11,0.525,-0.001,0.805,0.127,0.069
173,4,1360.7979228186987,0,1,1376,11.707,3.112,0.523,-0.02,0.802,0.126,0.072
174,1,1024.648298528132,1,0,211,10.694,3.033,0.621,0.387,0.607,0.275,0.118
174,2,1420.4911080710333,1,0,199,10.606,3.101,0.623,0.395,0.598,0.286,0.116
174,3,1135.7589786043188,1,1,256,11.575,3.047,0.578,0.108,0.598,0.289,0.113
174,4,1348.8535534572202,1,1,260,11.761,3.027,0.546,0.008,0.592,0.3,0.108
175,1,1378.1907001597963,0,0,77,12.069,2.922,0.519,0.174,0.61,0.312,0.078
175,2,1407.9981976429824,0,0,81,11.939,2.963,0.543,0.168,0.568,0.358,0.074
175,3,1645.9456746721576,0,1,87,12,2.908,0.552,0.057,0.586,0.333,0.08
175,4,1354.3317300997883,0,1,97,11.502,2.835,0.598,0.022,0.567,0.351,0.082
176,1,809.8859283346537,0,0,409,11.194,3.01,0.565,0.155,0.518,0.308,0.174
176,2,1077.6408495782082,0,0,487,11.609,2.994,0.534,-0.092,0.52,0.308,0.172
176,3,1079.3246688704621,0,1,466,11.577,2.953,0.524,-0.067,0.521,0.311,0.167
176,4,1275.951685080572,0,1,456,11.666,2.954,0.524,-0.097,0.537,0.3,0.162
177,1,981.6419506525216,1,0,231,10.381,2.818,0.58,0.443,0.723,0.225,0.052
177,2,1412.0312281567064,1,0,217,10.591,2.806,0.562,0.438,0.724,0.226,0.051
177,3,1664.2016256856868,1,1,209,10.693,2.804,0.574,0.429,0.732,0.225,0.043
177,4,1857.371297250858,1,1,213,10.783,2.831,0.577,0.348,0.723,0.221,0.056
178,1,923.8470784049313,0,0,425,11.163,3.059,0.572,0.043,0.802,0.096,0.101
178,2,984.8743281887239,0,0,466,11.519,3.062,0.547,-0.095,0.796,0.09,0.114
178,3,1130.0618323016301,0,1,432,11.395,3.016,0.549,-0.061,0.801,0.083,0.116
178,4,1338.5943726669327,0,1,409,11.528,3.056,0.526,-0.08,0.802,0.088,0.11
179,1,735.1755559079951,1,0,391,11.671,2.98,0.552,-0.065,0.565,0.309,0.125
179,2,1068.955101716738,1,0,370,11.909,3.03,0.549,-0.115,0.559,0.322,0.119
179,3,1129.9650301121549,1,1,373,11.836,3.054,0.566,-0.125,0.555,0.324,0.121
179,4,1155.8141470171097,1,1,413,11.78,2.993,0.545,-0.268,0.552,0.317,0.131
180,1,797.2631196013591,0,0,310,11.889,3.097,0.51,-0.119,0.635,0.258,0.106
180,2,849.5124603989002,0,0,340,11.825,3.141,0.509,-0.063,0.629,0.271,0.1
180,3,934.0330814976693,0,1,375,12.013,3.141,0.523,-0.133,0.672,0.24,0.088
180,4,1047.3183364019078,0,1,375,11.991,3.093,0.523,-0.152,0.685,0.219,0.096
181,1,494.91564028198854,1,0,152,11.59,3.007,0.447,-0.46,0.724,0.197,0.079
181,2,663.3066417644424,1,0,144,11.609,3.069,0.438,-0.456,0.722,0.215,0.062
181,3,777.3835169964318,1,1,145,11.657,3.152,0.476,-0.449,0.71,0.228,0.062
181,4,1176.6022079022982,1,1,143,11.722,3.175,0.455,-0.488,0.706,0.231,0.063
182,1,737.1345105138931,1,0,982,12.173,3.005,0.471,-0.217,0.757,0.164,0.079
182,2,972.1206204929108,1,0,1033,12.087,3.015,0.468,-0.223,0.751,0.17,0.078
182,3,1053.291620769937,1,1,1013,12.153,3.009,0.475,-0.211,0.748,0.171,0.081
182,4,1290.1370079696117,1,1,961,12.149,3.032,0.482,-0.212,0.739,0.169,0.093
183,1,771.8958680954962,0,0,168,11.555,3.375,0.476,-0.012,0.714,0.214,0.071
183,2,857.7986186638344,0,0,177,11.626,3.186,0.463,-0.058,0.689,0.243,0.068
183,3,978.6837761842125,0,1,178,11.665,3.236,0.483,-0.097,0.702,0.242,0.056
183,4,1118.4113290978307,0,1,171,11.708,3.251,0.485,-0.108,0.684,0.257,0.058
184,1,973.9549894726383,1,0,1056,11.156,3.032,0.571,0.147,0.719,0.116,0.165
184,2,1168.8553582896159,1,0,1050,11.162,3.045,0.57,0.139,0.719,0.117,0.164
184,3,1438.9009412027822,1,1,1033,11.174,3.035,0.57,0.131,0.721,0.114,0.165
184,4,1443.5257798748864,1,1,1016,11.104,3.046,0.573,0.12,0.716,0.118,0.166
185,1,540.8091534566005,0,0,446,12.119,3.043,0.455,-0.593,0.545,0.3,0.155
185,2,745.3663710647845,0,0,422,11.986,3.085,0.474,-0.557,0.55,0.294,0.156
185,3,994.4255228584556,0,1,423,11.857,3.071,0.487,-0.464,0.544,0.305,0.151
185,4,874.1896593259432,0,1,527,11.721,3.127,0.509,-0.433,0.558,0.292,0.15
186,1,681.9309552364048,0,0,301,11.978,2.934,0.492,-0.123,0.724,0.169,0.106
186,2,925.3816992463112,0,0,290,11.945,2.955,0.497,-0.121,0.724,0.172,0.103
186,3,970.4531048109145,0,1,281,12.145,2.982,0.498,-0.122,0.722,0.181,0.096
186,4,998.7477103056043,0,1,251,11.942,3.036,0.494,-0.131,0.745,0.163,0.092
187,1,990.5421885140528,0,0,735,11.093,3.094,0.525,0.153,0.584,0.295,0.121
187,2,1006.0884414978261,0,0,695,11.178,3.089,0.535,0.149,0.591,0.283,0.125
187,3,1160.9597738873204,0,1,677,11.175,3.034,0.544,0.13,0.586,0.288,0.126
187,4,1464.7729169992715,0,1,615,11.317,3.041,0.541,0.107,0.587,0.293,0.12
188,1,616.9993799348609,1,0,91,11.088,2.857,0.593,0.369,0.714,0.176,0.11
188,2,1569.428911481921,1,0,94,11.234,2.84,0.543,0.318,0.691,0.191,0.117
188,3,2624.5930969665033,1,1,89,11.471,2.843,0.584,0.266,0.708,0.169,0.124
188,4,1974.8536068758633,1,1,107,11.604,2.776,0.598,0.178,0.71,0.15,0.14
189,1,525.5179169795333,1,0,632,12.678,2.872,0.381,-0.932,0.777,0.12,0.103
189,2,624.8455956717314,1,0,637,12.451,2.871,0.403,-0.828,0.768,0.124,0.108
189,3,590.504930328171,1,1,651,12.39,2.929,0.422,-0.766,0.77,0.127,0.103
189,4,769.455134807703,1,1,619,12.373,2.901,0.426,-0.705,0.78,0.123,0.097
190,1,850.173185755531,1,0,353,10.63,3.031,0.618,0.475,0.839,0.108,0.054
190,2,1198.7838504236147,1,0,341,10.631,3.018,0.598,0.45,0.836,0.106,0.059
190,3,1600.864946953512,1,1,337,10.78,2.973,0.555,0.385,0.84,0.107,0.053
190,4,1859.015920077514,1,1,360,10.723,2.931,0.556,0.279,0.847,0.094,0.058
191,1,1130.5472201628259,1,0,486,10.745,2.965,0.576,0.209,0.728,0.198,0.074
191,2,1306.7192840508426,1,0,567,11.028,2.981,0.577,0.117,0.735,0.196,0.069
191,3,1218.8786085486936,1,1,551,11.008,2.953,0.564,0.126,0.739,0.194,0.067
191,4,1440.6300727244395,1,1,546,11.063,2.987,0.562,0.076,0.729,0.207,0.064
192,1,683.4763024159836,0,0,677,11.348,3.061,0.583,0.119,0.554,0.313,0.133
192,2,950.1227420828476,0,0,676,11.371,3.077,0.575,0.066,0.549,0.312,0.139
192,3,1127.5004726908526,0,1,686,11.363,3.045,0.582,0.055,0.539,0.319,0.141
192,4,1355.8928222667862,0,1,690,11.309,3.032,0.574,0.028,0.529,0.326,0.145
193,1,952.9408547960159,0,0,560,11.794,3.014,0.423,-0.26,0.793,0.13,0.077
193,2,784.9177976654763,0,0,527,11.805,3.04,0.442,-0.202,0.789,0.129,0.082
193,3,991.2918369583844,0,1,539,11.691,3.058,0.453,-0.241,0.777,0.137,0.085
193,4,1055.4913186729354,0,1,517,11.673,3.029,0.46,-0.239,0.776,0.139,0.085
194,1,1042.032583262981,1,0,950,11.482,3.064,0.556,0.115,0.586,0.264,0.149
194,2,1078.3731121900216,1,0,958,11.524,3.058,0.545,0.041,0.588,0.266,0.146
194,3,994.1957110819668,1,1,972,11.487,3.032,0.561,0.065,0.602,0.263,0.135
194,4,1350.042175794705,1,1,954,11.418,3.01,0.566,0.055,0.587,0.276,0.137
195,1,935.5631532352281,0,0,183,11.182,2.962,0.53,0.157,0.47,0.372,0.158
195,2,1268.2899101137875,0,0,194,11.097,2.851,0.557,0.134,0.469,0.371,0.16
195,3,1153.7801759590516,0,1,190,10.948,2.874,0.568,0.032,0.489,0.347,0.163
195,4,1227.0485964282873,0,1,183,10.854,2.891,0.596,-0.022,0.464,0.372,0.164
196,1,1042.2411473106608,0,0,1802,11.282,3.005,0.57,0.142,0.708,0.194,0.098
196,2,1178.4802180611318,0,0,1756,11.31,3.016,0.561,0.115,0.703,0.202,0.095
196,3,1140.9669078248749,0,1,1834,11.391,2.998,0.557,0.072,0.716,0.192,0.092
196,4,1268.1937901428519,0,1,2026,11.307,3.037,0.542,0.029,0.716,0.19,0.095
197,1,1202.641078996679,0,0,168,12.141,3.226,0.494,-0.053,0.619,0.286,0.095
197,2,969.1430332645253,0,0,181,12.131,3.227,0.486,-0.079,0.624,0.271,0.105
197,3,812.6489556697973,0,1,176,12.352,3.227,0.472,-0.164,0.625,0.284,0.091
197,4,943.8950324434405,0,1,170,12.32,3.253,0.465,-0.238,0.647,0.271,0.082
198,1,880.9924715830642,0,0,195,10.973,3.123,0.579,0.258,0.836,0.067,0.097
198,2,1083.5115533427975,0,0,196,10.879,3.117,0.602,0.232,0.847,0.061,0.092
198,3,1035.9433377471516,0,1,206,11.246,3.068,0.587,0.216,0.82,0.087,0.092
198,4,1410.1563428138177,0,1,202,11.021,3.124,0.569,0.162,0.817,0.089,0.094
199,1,460.42493812661985,0,0,820,12.961,2.971,0.344,-1.148,0.737,0.139,0.124
199,2,526.5807076064704,0,0,855,12.819,2.979,0.351,-1.047,0.735,0.133,0.132
199,3,538.9077844538832,0,1,857,12.701,3,0.358,-0.978,0.744,0.128,0.127
199,4,637.7393817662954,0,1,820,12.705,2.985,0.362,-0.945,0.746,0.138,0.116
200,1,722.6544058451391,1,0,324,11.372,3.083,0.58,0.2,0.756,0.191,0.052
200,2,1221.3363018354619,1,0,316,11.356,3.092,0.582,0.184,0.756,0.196,0.047
200,3,1561.6073466602431,1,1,333,11.425,3.111,0.601,0.129,0.733,0.219,0.048
200,4,1589.285823366057,1,1,337,11.368,3.16,0.602,0.083,0.706,0.24,0.053
201,1,788.1618729409421,0,0,298,11.964,3.094,0.406,-0.355,0.631,0.191,0.178
201,2,738.8468127204619,0,0,280,12.024,3.093,0.436,-0.335,0.629,0.189,0.182
201,3,751.3667352076135,0,1,275,12.094,3.044,0.447,-0.305,0.611,0.207,0.182
201,4,915.0339208562606,0,1,268,12.027,3.004,0.451,-0.302,0.612,0.209,0.179
202,1,891.3913689511301,0,0,1370,11.387,3.03,0.547,0.02,0.62,0.216,0.164
202,2,997.0188709697148,0,0,1362,11.476,3.019,0.535,-0.02,0.623,0.216,0.161
202,3,1032.4092037210041,0,1,1288,11.452,2.999,0.536,-0.022,0.621,0.217,0.161
202,4,1233.2326531478984,0,1,1277,11.438,3.027,0.531,-0.06,0.622,0.221,0.157
203,1,765.8068562036341,0,0,1662,11.464,2.951,0.523,-0.019,0.662,0.305,0.032
203,2,879.4730298412775,0,0,1679,11.497,2.957,0.527,-0.025,0.662,0.304,0.033
203,3,1062.0305135833378,0,1,1726,11.549,2.95,0.529,-0.059,0.658,0.304,0.038
203,4,1231.2730663432235,0,1,1666,11.566,2.947,0.525,-0.069,0.65,0.312,0.038
204,1,742.0284338621057,0,0,775,11.329,2.972,0.566,0.128,0.875,0.097,0.028
204,2,905.6556684560957,0,0,805,11.446,2.985,0.564,0.069,0.884,0.086,0.03
204,3,1114.3935907750292,0,1,782,11.369,3.019,0.552,0.073,0.886,0.081,0.033
204,4,1252.4665845326667,0,1,772,11.437,2.997,0.549,0.051,0.887,0.082,0.031
205,1,953.310802271339,0,0,152,11.786,2.803,0.559,0.177,0.664,0.204,0.132
205,2,1061.0301258499971,0,0,149,11.617,2.879,0.557,0.107,0.651,0.201,0.148
205,3,1619.8199605523973,0,1,155,11.684,2.994,0.535,0.039,0.665,0.181,0.155
205,4,1593.4870900328308,0,1,142,11.779,2.944,0.521,0.023,0.648,0.204,0.148
206,1,884.8672617185907,1,0,1805,11.207,3.014,0.541,0.097,0.612,0.281,0.107
206,2,1080.2959859341472,1,0,2006,11.153,3.01,0.539,0.096,0.606,0.289,0.105
206,3,1197.504157432564,1,1,1867,11.169,2.989,0.54,0.103,0.605,0.29,0.104
206,4,1410.1073013396544,1,1,1879,11.301,2.987,0.539,0.046,0.601,0.291,0.108
207,1,841.6782462857379,0,0,1097,11.343,3.095,0.535,0.1,0.679,0.201,0.119
207,2,1057.6045863905156,0,0,1068,11.34,3.108,0.551,0.104,0.68,0.202,0.118
207,3,1273.2834478165362,0,1,1063,11.282,3.121,0.552,0.104,0.679,0.205,0.116
207,4,1371.4744012376266,0,1,1041,11.246,3.129,0.536,0.049,0.688,0.202,0.11
208,1,526.4067160474184,0,0,516,12.725,3.109,0.382,-0.805,0.795,0.124,0.081
208,2,669.0735691600204,0,0,509,12.682,3.108,0.389,-0.768,0.8,0.118,0.083
208,3,671.9406875307251,0,1,522,12.78,3.063,0.397,-0.766,0.793,0.113,0.094
208,4,618.4175909464522,0,1,510,12.489,3.045,0.408,-0.724,0.788,0.11,0.102
209,1,841.316501580979,0,0,892,11.448,2.914,0.536,0.026,0.585,0.216,0.198
209,2,901.1359680846373,0,0,890,11.474,2.892,0.54,0.021,0.573,0.22,0.207
209,3,985.5273296890739,0,1,892,11.523,2.907,0.537,-0,0.575,0.22,0.205
209,4,1302.2759812887255,0,1,880,11.456,2.922,0.542,0.033,0.57,0.22,0.209
210,1,826.3760029577151,1,0,1662,11.502,2.972,0.522,0.052,0.664,0.257,0.079
210,2,945.7093490045484,1,0,1656,11.525,2.995,0.516,0.029,0.667,0.257,0.076
210,3,1142.1702102395109,1,1,1681,11.483,2.98,0.522,0.022,0.667,0.26,0.073
210,4,1278.8362779170925,1,1,1856,11.648,3.009,0.497,-0.228,0.668,0.253,0.08
211,1,828.283410440656,1,0,265,11.703,3.075,0.506,-0.043,0.894,0.094,0.011
211,2,1066.444319461254,1,0,257,11.665,3.113,0.521,-0.014,0.899,0.089,0.012
211,3,1113.6340727153226,1,1,258,11.758,3.155,0.554,-0.012,0.895,0.093,0.012
211,4,1259.1381496753115,1,1,248,11.82,3.194,0.556,-0.031,0.899,0.089,0.012
212,1,728.1716242081562,1,0,893,11.964,3.046,0.473,-0.272,0.718,0.156,0.127
212,2,913.294432723645,1,0,871,11.917,3.071,0.467,-0.251,0.718,0.157,0.125
212,3,1078.657765330437,1,1,938,11.85,3.066,0.471,-0.229,0.73,0.149,0.12
212,4,1240.7936429367473,1,1,911,11.725,3.044,0.477,-0.236,0.729,0.148,0.123
213,1,761.7087189399882,0,0,292,11.815,3.137,0.49,-0.237,0.414,0.339,0.247
213,2,890.9939573954806,0,0,295,11.802,3.156,0.502,-0.234,0.424,0.336,0.241
213,3,942.1442364257465,0,1,285,11.751,3.161,0.502,-0.234,0.425,0.319,0.256
213,4,1146.245109131427,0,1,293,11.62,3.123,0.519,-0.29,0.42,0.328,0.253
214,1,834.9402138177152,1,0,199,12.387,3.065,0.518,-0.141,0.749,0.085,0.166
214,2,985.9374409536287,1,0,209,12.101,3.086,0.498,-0.127,0.775,0.072,0.153
214,3,1210.787806455855,1,1,189,12.188,3.122,0.513,-0.126,0.767,0.069,0.164
214,4,1519.0299446807508,1,1,174,12.134,3.144,0.517,-0.136,0.77,0.069,0.161
215,1,915.9963491095037,1,0,617,11.184,2.95,0.63,0.367,0.857,0.065,0.078
215,2,1241.3087375208568,1,0,636,11.191,2.942,0.616,0.311,0.862,0.063,0.075
215,3,1329.177299701502,1,1,607,11.282,2.954,0.613,0.302,0.87,0.058,0.072
215,4,1489.5294190626475,1,1,605,11.235,2.982,0.595,0.226,0.866,0.063,0.071
216,1,583.5476941817703,0,0,352,14.14,2.98,0.293,-1.372,0.793,0.122,0.085
216,2,583.8424633891856,0,0,325,13.826,3.08,0.317,-1.285,0.806,0.105,0.089
216,3,598.2380539765919,0,1,356,13.04,3.025,0.393,-0.996,0.82,0.107,0.073
216,4,732.2666539856373,0,1,339,12.962,2.985,0.41,-0.968,0.823,0.106,0.071
217,1,1006.9421696276202,0,0,91,11.479,3.154,0.527,-0.062,0.593,0.231,0.176
217,2,1257.3238805917697,0,0,100,11.762,3.12,0.56,-0.165,0.59,0.26,0.15
217,3,1020.0114664450936,0,1,152,12.171,3.099,0.599,-0.069,0.599,0.211,0.191
217,4,1159.1559141929943,0,1,143,12.205,3.133,0.594,-0.079,0.608,0.203,0.189
218,1,573.7369752845347,1,0,385,12.216,3.044,0.431,-0.358,0.701,0.203,0.096
218,2,995.1596825399284,1,0,376,12.355,3.059,0.423,-0.353,0.699,0.202,0.098
218,3,1020.0533767359785,1,1,399,12.188,3.043,0.439,-0.392,0.687,0.206,0.108
218,4,1304.953606364063,1,1,380,11.814,2.961,0.453,-0.353,0.689,0.189,0.121
219,1,781.934475745023,0,0,735,11.761,2.97,0.471,-0.338,0.649,0.158,0.193
219,2,727.6469503305115,0,0,737,11.748,2.986,0.484,-0.315,0.655,0.155,0.19
219,3,870.6671037573922,0,1,706,11.653,3.007,0.489,-0.294,0.652,0.154,0.194
219,4,931.077091130982,0,1,733,11.779,3.015,0.464,-0.371,0.649,0.157,0.194
220,1,897.1541744825782,0,0,2284,11.385,2.986,0.536,0.098,0.439,0.292,0.269
220,2,1054.1657821177205,0,0,2220,11.318,2.993,0.537,0.078,0.438,0.297,0.264
220,3,1169.5493864592936,0,1,2180,11.289,2.991,0.54,0.075,0.434,0.304,0.262
220,4,1238.8934906531877,0,1,2134,11.302,2.986,0.533,0.047,0.436,0.304,0.26
221,1,823.3551237533205,1,0,757,10.942,3.011,0.602,0.359,0.657,0.306,0.037
221,2,1029.6069504364796,1,0,751,11.086,3.017,0.597,0.303,0.658,0.306,0.036
221,3,1293.4505901783095,1,1,835,11.149,2.977,0.583,0.222,0.662,0.301,0.037
221,4,1430.5625005630636,1,1,783,11.245,3.004,0.581,0.21,0.658,0.301,0.041
222,1,1076.9335068367238,1,0,561,11.273,2.998,0.576,0.298,0.797,0.157,0.046
222,2,1229.3526037072875,1,0,596,11.269,3.035,0.572,0.213,0.802,0.148,0.05
222,3,1444.3372313480595,1,1,576,11.302,3.094,0.566,0.184,0.809,0.139,0.052
222,4,1642.8901795554518,1,1,574,11.423,3.049,0.544,0.119,0.8,0.15,0.051
223,1,873.0089610513844,1,0,444,11.76,2.984,0.527,0.098,0.905,0.072,0.023
223,2,1071.8681519678819,1,0,464,11.649,3.011,0.509,0.05,0.905,0.071,0.024
223,3,1146.145856037587,1,1,461,11.512,3.037,0.505,0.041,0.898,0.076,0.026
223,4,1099.3631099955721,1,1,573,11.827,3.016,0.469,-0.261,0.888,0.082,0.03
224,1,754.7000287440973,1,0,130,11.134,3.069,0.615,0.074,0.7,0.177,0.123
224,2,942.1072803291186,1,0,132,11.091,3.121,0.583,0.069,0.712,0.174,0.114
224,3,1313.426079196352,1,1,132,10.98,3.098,0.553,0.06,0.727,0.167,0.106
224,4,1522.17329386993,1,1,133,10.947,3.113,0.571,0.036,0.744,0.158,0.098
225,1,653.5958077912808,0,0,370,12.081,3.016,0.441,-0.453,0.711,0.17,0.119
225,2,643.8350125323257,0,0,370,11.911,3.043,0.443,-0.422,0.724,0.162,0.114
225,3,939.4391170501317,0,1,343,11.893,2.939,0.455,-0.389,0.72,0.169,0.111
225,4,906.7763197212983,0,1,351,11.721,2.852,0.459,-0.372,0.718,0.168,0.114
226,1,756.5879655532416,0,0,1142,11.416,2.972,0.541,0.049,0.634,0.196,0.17
226,2,1091.4323319951275,0,0,1136,11.389,2.958,0.54,0.065,0.631,0.2,0.169
226,3,1069.3297788607592,0,1,1174,11.453,2.996,0.532,0.015,0.623,0.194,0.183
226,4,1178.5199517601811,0,1,1113,11.616,3.013,0.52,-0.032,0.633,0.19,0.177
227,1,729.9954791860906,1,0,242,11.886,3.12,0.434,-0.525,0.64,0.289,0.07
227,2,673.3450256115008,1,0,233,11.843,3.073,0.421,-0.577,0.661,0.27,0.069
227,3,943.4765105357325,1,1,268,11.857,3.175,0.433,-0.547,0.642,0.291,0.067
227,4,902.9994955544961,1,1,279,11.913,3.208,0.441,-0.491,0.674,0.269,0.057
228,1,879.7227470604531,1,0,891,11.001,3.006,0.62,0.339,0.756,0.183,0.061
228,2,1280.9065354001916,1,0,857,11.002,3.026,0.625,0.328,0.753,0.186,0.062
228,3,1366.5931154098516,1,1,882,11.116,3.053,0.605,0.211,0.749,0.192,0.059
228,4,1436.4138036883892,1,1,902,11.162,3.025,0.586,0.128,0.752,0.185,0.063
229,1,741.4117915119843,0,0,175,11.016,2.931,0.594,0.26,0.777,0.2,0.023
229,2,1038.4526408564443,0,0,167,11.073,2.928,0.587,0.222,0.766,0.216,0.018
229,3,1360.4018374018626,0,1,190,11.064,2.847,0.542,-0.036,0.784,0.189,0.026
229,4,1192.4468566816392,0,1,197,11.247,2.756,0.518,-0.097,0.761,0.198,0.041
230,1,1013.8532966242523,1,0,378,10.987,3.011,0.651,0.589,0.693,0.188,0.119
230,2,1422.5210714260681,1,0,381,10.992,3.01,0.627,0.521,0.698,0.186,0.115
230,3,1736.9693428941084,1,1,353,11.096,2.994,0.626,0.489,0.691,0.195,0.113
230,4,1776.864945090345,1,1,371,11.1,3.011,0.612,0.372,0.698,0.194,0.108
231,1,705.7744933688288,0,0,952,11.345,2.996,0.518,0.006,0.723,0.174,0.103
231,2,864.1555046862339,0,0,930,11.256,2.998,0.512,-0.002,0.719,0.177,0.103
231,3,1195.5299552677257,0,1,897,11.314,2.981,0.502,-0.024,0.718,0.179,0.103
231,4,1269.6485125128386,0,1,904,11.247,2.969,0.519,0,0.721,0.18,0.098
232,1,746.9211607055585,1,0,631,11.981,2.905,0.487,-0.255,0.639,0.266,0.095
232,2,852.3902120334152,1,0,607,11.943,2.937,0.506,-0.187,0.639,0.267,0.094
232,3,1041.5197728282253,1,1,649,11.817,2.96,0.508,-0.169,0.63,0.274,0.096
232,4,1156.147619635511,1,1,631,11.692,2.949,0.517,-0.153,0.624,0.274,0.101
233,1,1252.465504368112,1,0,167,11.801,3.03,0.629,0.069,0.707,0.186,0.108
233,2,1450.2282151527481,1,0,182,11.873,3.005,0.61,0.043,0.703,0.192,0.104
233,3,1631.5208473921662,1,1,186,11.814,3.016,0.597,-0.03,0.72,0.167,0.113
233,4,1927.4054715020868,1,1,176,11.684,3,0.58,-0.08,0.71,0.176,0.114
234,1,825.1982880662766,1,0,243,11.827,2.897,0.477,-0.061,0.58,0.37,0.049
234,2,1024.2534046841347,1,0,273,11.947,3,0.451,-0.118,0.59,0.344,0.066
234,3,1173.359034651894,1,1,288,12.042,2.934,0.455,-0.146,0.587,0.354,0.059
234,4,1119.924220579765,1,1,299,11.945,2.967,0.485,-0.111,0.595,0.344,0.06
235,1,745.9741620945929,1,0,247,11.685,3.138,0.433,-0.155,0.615,0.235,0.15
235,2,1110.4322206543602,1,0,281,11.536,3.107,0.459,-0.164,0.616,0.235,0.149
235,3,1142.9174849110789,1,1,268,11.677,3.228,0.481,-0.189,0.597,0.254,0.149
235,4,1375.8679454390542,1,1,248,11.457,3.141,0.476,-0.174,0.589,0.27,0.141
236,1,866.7450018187265,0,0,347,12.665,3.159,0.438,-0.458,0.654,0.254,0.092
236,2,807.0456336088761,0,0,352,12.557,3.131,0.443,-0.396,0.673,0.239,0.088
236,3,934.1596842674827,0,1,353,12.396,3.122,0.453,-0.329,0.691,0.227,0.082
236,4,1118.3365974982196,0,1,350,12.305,3.06,0.457,-0.281,0.671,0.234,0.094
237,1,882.1296190549941,1,0,445,11.049,3.115,0.562,0.279,0.672,0.204,0.124
237,2,1173.6221595586462,1,0,520,10.971,3.029,0.54,0.169,0.673,0.204,0.123
237,3,1201.3185718098196,1,1,487,10.872,3.031,0.53,0.104,0.682,0.199,0.119
237,4,1659.2758067839304,1,1,480,11.019,2.99,0.525,0.078,0.679,0.194,0.127
238,1,1066.7082001714116,1,0,1541,10.496,2.953,0.661,0.655,0.607,0.257,0.136
238,2,1322.8990360295657,1,0,1488,10.549,2.962,0.658,0.644,0.611,0.257,0.132
238,3,1673.6314039485517,1,1,1489,10.589,2.958,0.655,0.6,0.621,0.254,0.125
238,4,1850.0119256574526,1,1,1602,10.675,2.952,0.627,0.451,0.619,0.26,0.12
239,1,761.8155805982698,1,0,102,11.269,2.824,0.539,0.232,0.48,0.363,0.157
239,2,1120.1650754803243,1,0,99,11.702,3.02,0.556,0.222,0.485,0.364,0.152
239,3,1264.3840628666328,1,1,96,11.751,3.104,0.552,0.175,0.458,0.365,0.177
239,4,1447.7533920551557,1,1,93,12.21,3.065,0.548,0.059,0.473,0.355,0.172
240,1,614.6276483531584,1,0,160,13.18,2.9,0.531,-0.046,0.625,0.212,0.162
240,2,803.5853129522767,1,0,167,12.765,2.91,0.503,-0.164,0.617,0.222,0.162
240,3,971.5971734047235,1,1,162,12.595,2.994,0.512,-0.105,0.623,0.21,0.167
240,4,1182.1980084294494,1,1,164,12.395,2.945,0.506,-0.145,0.64,0.183,0.177
241,1,828.696516218736,0,0,418,11.188,2.866,0.593,0.339,0.711,0.177,0.112
241,2,1167.6230954758935,0,0,424,11.493,2.868,0.58,0.262,0.71,0.179,0.111
241,3,1372.2669684285104,0,1,409,11.549,2.863,0.57,0.203,0.721,0.169,0.11
241,4,1443.6090215793756,0,1,430,11.471,2.895,0.581,0.216,0.712,0.17,0.119
242,1,908.2924079057293,0,0,2285,11.144,3.002,0.584,0.342,0.658,0.259,0.084
242,2,1119.489667647652,0,0,2251,11.188,3.01,0.586,0.325,0.655,0.261,0.084
242,3,1359.9679074709434,0,1,2164,11.215,3.029,0.587,0.314,0.659,0.263,0.078
242,4,1532.700697194912,0,1,2139,11.165,3.033,0.597,0.319,0.661,0.264,0.075
243,1,1075.1117015691477,0,0,985,11.031,3.051,0.634,0.377,0.707,0.243,0.051
243,2,1259.0528217008616,0,0,950,11.015,3.031,0.626,0.374,0.695,0.251,0.055
243,3,1609.9671451545255,0,1,877,11.064,3.074,0.631,0.374,0.694,0.255,0.05
243,4,1723.4052022732674,0,1,864,11.107,3.064,0.624,0.263,0.698,0.258,0.044
244,1,1016.716364336476,1,0,273,12.141,3.176,0.564,-0.051,0.513,0.172,0.315
244,2,985.9309127778862,1,0,265,12.007,3.192,0.558,-0.057,0.506,0.181,0.313
244,3,1386.3412572465088,1,1,252,11.878,3.19,0.563,-0.097,0.492,0.19,0.317
244,4,1256.590678242913,1,1,251,11.877,3.112,0.53,-0.196,0.506,0.195,0.299
245,1,1158.8958499896057,0,0,79,12.105,3.038,0.405,-0.502,0.759,0.101,0.139
245,2,769.6975788689493,0,0,67,12.173,3.03,0.418,-0.577,0.761,0.09,0.149
245,3,1024.2341135113597,0,1,78,12.27,2.962,0.462,-0.419,0.744,0.077,0.179
245,4,1069.8485478901107,0,1,74,11.938,3.041,0.446,-0.401,0.757,0.095,0.149
246,1,837.7261781009433,1,0,61,11.17,3.328,0.443,0.123,0.803,0.131,0.066
246,2,973.3867105633366,1,0,71,11.014,3.394,0.451,0.031,0.789,0.127,0.085
246,3,1429.0070301690048,1,1,81,11.378,3.469,0.457,-0.102,0.728,0.185,0.086
246,4,2662.183587139209,1,1,78,11.293,3.5,0.462,-0.189,0.718,0.205,0.077
247,1,637.6967054434864,0,0,645,12.676,3.003,0.426,-0.747,0.822,0.107,0.071
247,2,667.8427588459012,0,0,601,12.637,2.96,0.424,-0.697,0.822,0.115,0.063
247,3,781.7603521515142,0,1,587,12.453,2.961,0.429,-0.64,0.811,0.119,0.07
247,4,854.8446304346558,0,1,585,12.44,2.993,0.441,-0.59,0.803,0.132,0.065
248,1,913.5837954912976,0,0,893,11.599,2.962,0.533,0.055,0.709,0.235,0.056
248,2,1160.5189476380222,0,0,871,11.566,2.968,0.536,0.066,0.711,0.237,0.053
248,3,1063.730753782536,0,1,955,11.58,3.032,0.524,0.044,0.706,0.243,0.051
248,4,1383.1576556720586,0,1,936,11.597,3.036,0.514,0.004,0.7,0.25,0.05
249,1,627.1370935133774,0,0,383,11.489,3.089,0.496,-0.044,0.843,0.097,0.06
249,2,888.0180456155051,0,0,370,11.494,3.068,0.495,-0.077,0.849,0.092,0.059
249,3,1293.1852699177157,0,1,346,11.503,3.078,0.488,-0.075,0.844,0.092,0.064
249,4,988.0132428169678,0,1,321,11.481,3.065,0.467,-0.156,0.826,0.106,0.069
250,1,1030.189532808657,1,0,617,11.123,2.937,0.559,0.314,0.757,0.172,0.071
250,2,1197.7531272931053,1,0,588,11.086,2.966,0.56,0.289,0.747,0.182,0.071
250,3,1301.8488780691835,1,1,583,11.149,2.942,0.549,0.242,0.744,0.18,0.075
250,4,1424.6301337317213,1,1,625,11.312,2.96,0.522,0.075,0.736,0.184,0.08
251,1,1060.202580011431,0,0,601,11.093,2.928,0.611,0.301,0.764,0.206,0.03
251,2,1084.3810190039917,0,0,598,11.12,2.93,0.604,0.271,0.758,0.212,0.03
251,3,1422.8432629528484,0,1,590,11.191,2.932,0.598,0.222,0.753,0.217,0.031
251,4,1512.8767665290702,0,1,594,11.348,2.941,0.588,0.153,0.739,0.226,0.035
252,1,997.9995178294331,1,0,1201,11.25,3.013,0.554,0.158,0.808,0.104,0.088
252,2,1031.0900309061328,1,0,1152,11.21,2.998,0.564,0.141,0.811,0.106,0.083
252,3,1379.0509658798148,1,1,1163,11.163,2.991,0.553,0.098,0.814,0.107,0.078
252,4,1440.38971787392,1,1,1141,11.226,3.025,0.545,0.023,0.822,0.104,0.074
253,1,818.3376188974804,0,0,78,11.816,2.846,0.513,0.431,0.5,0.41,0.09
253,2,995.0808680698814,0,0,92,11.43,2.826,0.543,0.308,0.576,0.359,0.065
253,3,1139.7687417988766,0,1,102,11.384,2.902,0.539,0.185,0.588,0.353,0.059
253,4,1043.9752871691383,0,1,117,11.623,2.872,0.53,0.023,0.581,0.35,0.068
254,1,888.172600760775,0,0,1310,10.94,3.103,0.634,0.4,0.831,0.089,0.081
254,2,1096.7617568942471,0,0,1310,11.013,3.079,0.62,0.336,0.839,0.085,0.076
254,3,1378.945772496101,0,1,1301,10.98,3.044,0.606,0.268,0.839,0.082,0.078
254,4,1420.7440095253462,0,1,1242,11.001,3.048,0.611,0.235,0.835,0.085,0.08
255,1,1018.1839656835554,1,0,310,10.941,3.016,0.516,0.181,0.655,0.206,0.139
255,2,1258.5002782420815,1,0,307,11.12,2.99,0.537,0.164,0.658,0.199,0.143
255,3,1225.7553055030792,1,1,324,11.414,3.022,0.528,0.09,0.642,0.207,0.151
255,4,1298.9247734100015,1,1,319,11.59,3.041,0.52,-0.028,0.649,0.204,0.147
256,1,1014.5399887908743,0,0,207,10.983,3.237,0.643,0.451,0.826,0.097,0.077
256,2,889.2715737972587,0,0,201,10.941,3.279,0.627,0.376,0.816,0.109,0.075
256,3,1296.6311978171618,0,1,191,10.882,3.34,0.654,0.323,0.796,0.12,0.084
256,4,1444.7222888757572,0,1,189,11.086,3.36,0.624,0.208,0.81,0.106,0.085
257,1,788.6884201281354,0,0,2716,12.104,3.034,0.451,-0.35,0.7,0.182,0.118
257,2,842.5972407431955,0,0,2937,12.171,3.009,0.442,-0.414,0.701,0.183,0.116
257,3,938.8613706536323,0,1,2696,12.103,3.011,0.444,-0.382,0.704,0.179,0.116
257,4,999.1725626059806,0,1,2732,12.016,3.023,0.455,-0.363,0.703,0.18,0.117
258,1,912.3075004645971,0,0,629,10.984,3.011,0.534,0.077,0.645,0.218,0.137
258,2,1010.0024923791644,0,0,625,10.958,3.038,0.525,0.088,0.635,0.222,0.142
258,3,1297.4042718781484,0,1,611,11.227,3.079,0.524,0.051,0.642,0.218,0.141
258,4,1277.838449712805,0,1,650,11.486,3.122,0.526,-0.069,0.642,0.217,0.142
259,1,1378.308146318085,1,0,153,10.669,3,0.608,0.284,0.712,0.19,0.098
259,2,1220.067151606385,1,0,148,10.737,2.959,0.595,0.282,0.696,0.209,0.095
259,3,1376.072426784031,1,1,145,10.815,2.903,0.607,0.235,0.662,0.234,0.103
259,4,1608.5004068723158,1,1,140,10.804,2.843,0.607,0.132,0.671,0.229,0.1
260,1,799.545719399577,0,0,250,11.695,2.928,0.52,-0.122,0.68,0.152,0.168
260,2,919.5775078599031,0,0,244,11.465,2.889,0.516,-0.09,0.656,0.16,0.184
260,3,1072.283809762841,0,1,261,11.542,3.019,0.506,-0.139,0.659,0.161,0.18
260,4,1223.8704015499895,0,1,286,11.522,3.077,0.493,-0.177,0.629,0.178,0.192
261,1,738.3893403531235,0,0,586,11.444,2.925,0.529,0.215,0.84,0.109,0.051
261,2,1034.2282826818264,0,0,568,11.385,2.912,0.539,0.239,0.842,0.113,0.046
261,3,1402.3541545141106,0,1,570,11.363,2.96,0.54,0.175,0.847,0.111,0.042
261,4,1152.1041850948388,0,1,547,11.399,2.965,0.527,0.067,0.85,0.11,0.04
262,1,734.0798715441247,1,0,327,11.715,2.942,0.508,-0.301,0.771,0.122,0.107
262,2,899.4554478905309,1,0,309,11.615,2.951,0.485,-0.311,0.77,0.129,0.1
262,3,1052.7565817791108,1,1,328,11.542,2.939,0.494,-0.32,0.771,0.125,0.104
262,4,1027.509013416432,1,1,348,11.65,2.971,0.477,-0.367,0.767,0.118,0.115
263,1,875.9745271198778,0,0,400,11.589,2.857,0.565,0.149,0.557,0.352,0.09
263,2,1095.82153874288,0,0,389,11.457,2.889,0.571,0.169,0.563,0.352,0.085
263,3,1112.2944016400845,0,1,421,11.601,2.929,0.549,0.03,0.563,0.361,0.076
263,4,1293.3907595949572,0,1,404,11.626,2.941,0.542,0.008,0.554,0.364,0.082
264,1,665.9702320330683,1,0,79,11.092,2.848,0.62,0.159,0.582,0.367,0.051
264,2,897.301282619945,1,0,85,11.236,2.741,0.565,0.051,0.6,0.341,0.059
264,3,1307.3113640891338,1,1,127,11.78,2.843,0.583,0.028,0.669,0.268,0.063
264,4,1225.8956227204474,1,1,119,11.975,2.866,0.571,-0.008,0.706,0.244,0.05
265,1,818.1278467467693,1,0,1202,11.47,2.937,0.517,0.019,0.743,0.201,0.056
265,2,946.9904243597938,1,0,1169,11.463,2.944,0.515,-0.002,0.75,0.192,0.057
265,3,1134.3137576649376,1,1,1155,11.467,2.928,0.514,-0.035,0.752,0.19,0.057
265,4,1416.4125182918829,1,1,1129,11.363,2.923,0.516,-0.015,0.753,0.187,0.06
266,1,685.617991910851,0,0,951,11.923,3.06,0.448,-0.256,0.689,0.25,0.061
266,2,887.4249134652088,0,0,925,11.864,3.028,0.457,-0.212,0.694,0.249,0.057
266,3,879.7574067669108,0,1,940,11.905,3.049,0.451,-0.254,0.694,0.253,0.053
266,4,1113.7106024686664,0,1,967,11.694,3.046,0.477,-0.252,0.685,0.257,0.058
267,1,816.17355979376,0,0,344,10.867,2.84,0.593,0.278,0.721,0.201,0.078
267,2,949.2289214499394,0,0,354,11.172,2.785,0.585,0.188,0.723,0.206,0.071
267,3,1211.5335717091318,0,1,355,11.219,2.817,0.583,0.166,0.732,0.203,0.065
267,4,1349.0991901169432,0,1,349,11.512,2.759,0.553,0.044,0.742,0.189,0.069
268,1,712.4028287197607,1,0,1057,11.928,2.997,0.464,-0.345,0.781,0.135,0.084
268,2,868.5095436835583,1,0,1035,11.936,3.013,0.464,-0.343,0.781,0.133,0.086
268,3,1011.9758094743804,1,1,1042,11.923,3.018,0.471,-0.359,0.783,0.129,0.088
268,4,1095.2625242871645,1,1,1019,11.766,3.062,0.483,-0.321,0.788,0.128,0.084
269,1,825.9752975937062,0,0,192,11.133,2.87,0.589,0.365,0.625,0.203,0.172
269,2,1154.2768655731757,0,0,191,11.075,2.848,0.586,0.347,0.634,0.188,0.178
269,3,1117.3406443515846,0,1,187,11.073,2.925,0.556,0.242,0.642,0.171,0.187
269,4,1292.8030365721252,0,1,194,11.178,2.938,0.531,0.139,0.649,0.175,0.175
270,1,862.5217237100288,0,0,719,11.706,2.834,0.545,0.005,0.698,0.267,0.035
270,2,994.0438208647553,0,0,691,11.6,2.832,0.547,0,0.699,0.266,0.035
270,3,1059.4943980831797,0,1,670,11.712,2.825,0.537,0.001,0.707,0.261,0.031
270,4,1186.8579488436837,0,1,898,11.607,2.857,0.538,-0.024,0.706,0.256,0.038
271,1,1152.0388376104488,1,0,242,10.694,2.996,0.583,0.425,0.657,0.198,0.145
271,2,1488.0051012073534,1,0,222,10.457,3.023,0.604,0.474,0.649,0.203,0.149
271,3,1673.6106547657823,1,1,228,10.255,2.917,0.605,0.393,0.654,0.193,0.154
271,4,1905.1068135341648,1,1,223,10.174,2.996,0.587,0.288,0.641,0.202,0.157
272,1,1152.7311996705516,0,0,401,11.012,2.96,0.584,0.294,0.616,0.122,0.262
272,2,1426.6959100340014,0,0,438,11.208,2.975,0.562,0.136,0.605,0.121,0.274
272,3,1383.501373460662,0,1,422,11.246,2.9,0.545,0.132,0.611,0.128,0.261
272,4,1793.9442177537605,0,1,397,11.403,2.861,0.526,0.082,0.617,0.121,0.262
273,1,726.7749747667082,0,0,400,11.948,2.89,0.48,-0.147,0.575,0.338,0.088
273,2,767.7629767314354,0,0,444,11.988,2.881,0.468,-0.183,0.57,0.34,0.09
273,3,1035.9773715512626,0,1,456,11.994,2.884,0.454,-0.243,0.572,0.336,0.092
273,4,1117.1736787685734,0,1,452,12.133,2.927,0.458,-0.268,0.569,0.343,0.088
274,1,825.0606372896017,0,0,676,11.278,2.976,0.531,0.037,0.706,0.212,0.083
274,2,924.026402039372,0,0,733,11.575,2.936,0.509,-0.067,0.694,0.224,0.082
274,3,1148.518969984965,0,1,746,11.627,2.958,0.519,-0.037,0.689,0.229,0.082
274,4,1136.9664093584518,0,1,744,11.586,2.942,0.503,-0.111,0.684,0.235,0.081
275,1,513.451880333028,0,0,192,12.406,2.948,0.453,-0.356,0.792,0.135,0.073
275,2,643.5815334728845,0,0,182,12.242,2.934,0.467,-0.394,0.802,0.143,0.055
275,3,747.0510608806669,0,1,181,12.118,2.901,0.459,-0.455,0.823,0.122,0.055
275,4,1143.4868972309991,0,1,177,12.24,2.938,0.497,-0.475,0.825,0.119,0.056
276,1,773.5238239189359,0,0,982,11.603,2.943,0.533,0.064,0.63,0.169,0.201
276,2,1032.2609118427472,0,0,979,11.54,2.979,0.531,0.059,0.63,0.169,0.201
276,3,1207.713513363364,0,1,937,11.482,2.98,0.524,0.022,0.626,0.171,0.203
276,4,1232.9323492961312,0,1,874,11.511,2.991,0.518,-0.044,0.63,0.17,0.199
277,1,789.5389390641405,0,0,893,11.63,2.989,0.517,0.114,0.648,0.203,0.149
277,2,937.6614902416325,0,0,864,11.65,2.97,0.523,0.107,0.633,0.207,0.16
277,3,1175.55683400313,0,1,876,11.797,2.944,0.5,-0.042,0.645,0.2,0.155
277,4,1389.1144954547883,0,1,851,11.935,2.967,0.503,-0.15,0.642,0.199,0.16
278,1,804.6734158265999,1,0,427,11.571,3.061,0.499,-0.079,0.429,0.452,0.119
278,2,1040.7795052229899,1,0,414,11.567,3.08,0.493,-0.027,0.43,0.444,0.126
278,3,1257.949820403715,1,1,467,11.337,3.017,0.51,-0.052,0.426,0.456,0.118
278,4,1284.5203571365435,1,1,460,11.322,2.993,0.498,-0.073,0.437,0.45,0.113
279,1,766.7101256918468,1,0,254,11.38,3.008,0.524,0.104,0.709,0.161,0.13
279,2,1028.9980862628045,1,0,257,11.513,2.914,0.506,0.058,0.704,0.163,0.132
279,3,1288.082865194872,1,1,236,11.267,2.903,0.513,0.014,0.708,0.165,0.127
279,4,1461.0161051686625,1,1,227,11.096,2.877,0.533,-0.013,0.687,0.176,0.137
280,1,951.7799466001287,0,0,549,11.507,3.016,0.597,0.26,0.683,0.242,0.075
280,2,1276.338253739537,0,0,538,11.507,3.017,0.61,0.259,0.684,0.247,0.069
280,3,1155.197996769172,0,1,515,11.473,3.039,0.606,0.229,0.67,0.258,0.072
280,4,1253.6480270177049,0,1,548,11.726,3.046,0.564,-0.019,0.666,0.257,0.077
281,1,728.823943783206,0,0,919,11.942,3.06,0.477,-0.348,0.904,0.072,0.024
281,2,790.7407880840287,0,0,901,11.795,3.098,0.484,-0.3,0.898,0.078,0.024
281,3,879.5122875678753,0,1,877,11.763,3.088,0.486,-0.307,0.902,0.073,0.025
281,4,1032.0864748021595,0,1,877,11.674,3.048,0.488,-0.304,0.906,0.072,0.022
282,1,923.7938898390275,1,0,236,10.786,2.953,0.64,0.4,0.763,0.123,0.114
282,2,1316.2619028249403,1,0,250,10.817,2.984,0.62,0.295,0.76,0.116,0.124
282,3,1604.8015935655571,1,1,239,11.155,2.975,0.623,0.276,0.745,0.126,0.13
282,4,1700.402254901069,1,1,230,11.18,3,0.613,0.186,0.757,0.109,0.135
283,1,806.3539822229785,0,0,661,12.09,2.927,0.43,-0.429,0.785,0.127,0.088
283,2,811.0830392854594,0,0,623,12.189,2.933,0.424,-0.415,0.798,0.119,0.083
283,3,894.1720280158798,0,1,626,12.12,2.911,0.441,-0.373,0.791,0.125,0.085
283,4,949.7955436184035,0,1,626,11.882,2.92,0.455,-0.322,0.783,0.134,0.083
284,1,1031.2217305738582,0,0,288,11.178,3.069,0.497,0.012,0.594,0.247,0.16
284,2,1176.3305991618072,0,0,264,11.191,3.117,0.508,0.055,0.58,0.254,0.167
284,3,1265.6752147414543,0,1,258,11.187,3.062,0.508,0.043,0.566,0.267,0.167
284,4,1044.642518486399,0,1,300,11.176,2.92,0.513,-0.078,0.57,0.26,0.17
285,1,932.4043818086559,0,0,130,11.523,3.085,0.546,0.4,0.685,0.215,0.1
285,2,1083.2794010144592,0,0,167,11.509,3.138,0.515,0.243,0.713,0.204,0.084
285,3,1311.6595284817522,0,1,163,11.38,3.196,0.497,0.187,0.693,0.227,0.08
285,4,1344.3422910825163,0,1,165,11.496,3.182,0.509,0.117,0.691,0.248,0.061
286,1,770.6988147694307,0,0,321,11.84,2.928,0.536,0.133,0.738,0.187,0.075
286,2,1045.4251477747375,0,0,307,11.862,2.974,0.537,0.137,0.739,0.192,0.068
286,3,1103.9153590793687,0,1,300,11.841,2.98,0.54,0.096,0.733,0.193,0.073
286,4,1379.031560107829,0,1,315,11.862,2.997,0.559,0.076,0.724,0.184,0.092
287,1,585.2104669720106,1,0,340,12.47,2.997,0.362,-0.832,0.462,0.503,0.035
287,2,632.6496209400478,1,0,319,12.496,3.047,0.386,-0.808,0.458,0.505,0.038
287,3,702.0749723975998,1,1,307,12.401,3.059,0.414,-0.777,0.459,0.505,0.036
287,4,793.973610751259,1,1,322,12.213,3.177,0.422,-0.674,0.457,0.497,0.047
288,1,903.3237739895152,1,0,486,10.964,2.994,0.597,0.45,0.494,0.374,0.132
288,2,1346.343315199831,1,0,571,11.186,2.963,0.59,0.288,0.492,0.37,0.138
288,3,1345.095046608852,1,1,554,11.148,2.977,0.588,0.258,0.491,0.368,0.141
288,4,1499.6303203648852,1,1,530,11.21,2.992,0.57,0.173,0.485,0.372,0.143
289,1,1221.6253676122276,0,0,230,12.418,3.03,0.509,-0.089,0.474,0.365,0.161
289,2,1089.5893468409586,0,0,231,12.288,3.026,0.519,-0.099,0.481,0.364,0.156
289,3,1246.555626848267,0,1,256,12.556,2.891,0.496,-0.322,0.496,0.344,0.16
289,4,996.1559782606188,0,1,272,12.475,2.93,0.515,-0.367,0.493,0.342,0.165
290,1,718.8072742939744,1,0,445,11.975,2.951,0.526,-0,0.546,0.389,0.065
290,2,1040.5633666753233,1,0,432,12.005,2.965,0.516,0.031,0.569,0.37,0.06
290,3,1193.5743069004266,1,1,467,11.949,2.97,0.51,-0.003,0.561,0.381,0.058
290,4,1454.3898190279058,1,1,460,12.142,2.965,0.517,-0.02,0.561,0.38,0.059
291,1,810.1975472686777,1,0,1464,11.262,2.98,0.577,0.236,0.636,0.286,0.078
291,2,1175.5447207282684,1,0,1467,11.314,2.999,0.559,0.199,0.646,0.274,0.08
291,3,1332.942668119556,1,1,1382,11.269,3.018,0.563,0.206,0.651,0.273,0.077
291,4,1580.6381740900608,1,1,1345,11.224,3.031,0.573,0.178,0.651,0.267,0.082
292,1,1017.2003527107829,0,0,1057,11.245,3.079,0.578,0.168,0.683,0.107,0.21
292,2,1196.7002444324146,0,0,1064,11.345,3.098,0.574,0.142,0.685,0.107,0.208
292,3,1161.486537727349,0,1,1233,11.484,3.096,0.554,0.022,0.679,0.114,0.207
292,4,1188.4610979559195,0,1,1236,11.651,3.095,0.542,-0.102,0.68,0.112,0.207
293,1,2275.3021936921286,0,0,103,9.775,3.155,0.689,0.752,0.583,0.282,0.136
293,2,1131.5171950825732,0,0,147,10.576,3.082,0.571,0.247,0.633,0.252,0.116
293,3,1307.8068191382697,0,1,137,10.629,3.102,0.569,0.204,0.628,0.241,0.131
293,4,1208.7117062450895,0,1,148,10.971,3.02,0.595,0.109,0.622,0.257,0.122
294,1,856.346147620031,0,0,261,11.681,2.95,0.498,-0.084,0.536,0.284,0.18
294,2,1015.8224171181932,0,0,252,11.755,2.901,0.496,-0.104,0.52,0.302,0.179
294,3,1077.8342992438193,0,1,246,11.823,2.935,0.5,-0.114,0.528,0.301,0.171
294,4,1361.273405179921,0,1,233,11.696,2.953,0.511,-0.135,0.536,0.279,0.185
295,1,731.4661986239391,1,0,275,11.549,2.956,0.487,-0.079,0.825,0.12,0.055
295,2,783.4160192312388,1,0,262,11.502,2.95,0.466,-0.127,0.832,0.111,0.057
295,3,1194.7667061910222,1,1,268,11.572,3.03,0.47,-0.135,0.836,0.108,0.056
295,4,1396.4017883363351,1,1,307,11.404,3,0.479,-0.164,0.831,0.117,0.052
296,1,1061.1908888087983,0,0,121,11.122,3.091,0.521,0.001,0.843,0.124,0.033
296,2,925.231887558775,0,0,159,10.958,3.006,0.503,-0.063,0.855,0.113,0.031
296,3,986.6684382082974,0,1,155,10.908,3.058,0.477,-0.142,0.858,0.11,0.032
296,4,1001.9686706685433,0,1,153,10.813,3.013,0.444,-0.212,0.863,0.111,0.026
297,1,660.6291930163092,1,0,463,11.235,3.108,0.611,0.33,0.695,0.203,0.102
297,2,1205.2359144225206,1,0,461,11.287,3.033,0.605,0.297,0.688,0.206,0.106
297,3,1473.7663617017818,1,1,456,11.52,2.954,0.605,0.244,0.667,0.208,0.125
297,4,1266.1844880213828,1,1,444,11.481,2.993,0.586,0.153,0.671,0.2,0.128
298,1,808.0407546360394,0,0,921,12.002,2.999,0.477,-0.2,0.689,0.232,0.078
298,2,983.8343202384018,0,0,981,11.873,2.965,0.498,-0.195,0.687,0.236,0.076
298,3,1105.3780994564127,0,1,940,11.78,2.955,0.491,-0.204,0.683,0.24,0.077
298,4,1264.2574819709648,0,1,902,11.75,2.946,0.487,-0.234,0.667,0.253,0.08
299,1,774.5935776050258,1,0,1096,12.134,2.984,0.451,-0.498,0.592,0.318,0.09
299,2,869.8748816385556,1,0,1056,12.012,2.984,0.456,-0.448,0.586,0.323,0.091
299,3,1098.0118667226006,1,1,1018,11.914,2.992,0.466,-0.42,0.579,0.332,0.089
299,4,1144.9134975786176,1,1,1000,11.952,2.99,0.469,-0.387,0.576,0.335,0.089
300,1,875.257004522695,1,0,79,11.945,3.203,0.62,0.322,0.848,0.114,0.038
300,2,817.7676760458176,1,0,131,12.295,2.901,0.588,0.142,0.87,0.084,0.046
300,3,1037.4394517520639,1,1,157,12.099,3.032,0.548,-0.056,0.879,0.076,0.045
300,4,1163.5080981981905,1,1,171,11.977,2.889,0.532,-0.11,0.895,0.064,0.041
301,1,749.0504230376744,0,0,337,11.435,3.175,0.555,0.113,0.849,0.071,0.08
301,2,818.9190225820805,0,0,338,11.459,3.175,0.55,0.068,0.84,0.086,0.074
301,3,1238.9002913028517,0,1,311,11.225,3.177,0.563,0.1,0.839,0.087,0.074
301,4,1253.8912903204798,0,1,371,11.222,3.105,0.569,0.022,0.846,0.086,0.067
302,1,899.491515137386,0,0,755,11.583,3.034,0.532,0.015,0.412,0.434,0.154
302,2,971.3737822528358,0,0,776,11.88,3.066,0.505,-0.131,0.412,0.437,0.151
302,3,1074.089261110241,0,1,777,11.807,3.057,0.524,-0.089,0.422,0.427,0.151
302,4,1299.22482775008,0,1,856,11.676,3.085,0.527,-0.13,0.396,0.45,0.154
303,1,773.1500694102813,1,0,1202,11.618,3.016,0.495,-0.125,0.641,0.207,0.151
303,2,998.5954327724384,1,0,1116,11.602,3.029,0.497,-0.113,0.645,0.204,0.151
303,3,1105.7579849918175,1,1,1120,11.749,3.028,0.494,-0.173,0.654,0.199,0.147
303,4,1166.1845516821907,1,1,1109,11.813,3.014,0.472,-0.227,0.655,0.197,0.148
304,1,997.4589297053019,0,0,346,11.705,3.023,0.54,-0.086,0.364,0.509,0.127
304,2,1060.3514503163028,0,0,330,11.602,3.088,0.542,-0.09,0.364,0.503,0.133
304,3,1234.2602846640168,0,1,329,11.601,3.109,0.526,-0.122,0.386,0.498,0.116
304,4,1197.650593033824,0,1,334,11.708,2.997,0.503,-0.226,0.365,0.482,0.153
305,1,594.9861655779962,0,0,78,11.935,2.808,0.641,0.449,0.91,0.064,0.026
305,2,825.6639282200241,0,0,130,11.854,2.985,0.569,0.144,0.869,0.115,0.015
305,3,1253.4432779008189,0,1,146,11.933,2.897,0.521,0.002,0.849,0.123,0.027
305,4,1488.452608928903,0,1,138,11.912,2.862,0.522,-0.007,0.855,0.116,0.029
306,1,954.8036383520744,0,0,487,11.455,2.877,0.524,0.021,0.686,0.277,0.037
306,2,1056.7188163210767,0,0,493,11.508,2.911,0.507,-0.029,0.692,0.266,0.043
306,3,939.9352793387957,0,1,479,11.612,2.894,0.476,-0.12,0.693,0.267,0.04
306,4,1124.3764302583625,0,1,487,11.566,2.897,0.487,-0.123,0.698,0.257,0.045
307,1,962.2854150269661,0,0,1016,11.207,2.903,0.577,0.202,0.706,0.234,0.06
307,2,1081.9179066862719,0,0,1050,11.292,2.886,0.573,0.158,0.707,0.236,0.057
307,3,1080.3782198795489,0,1,1029,11.335,2.886,0.567,0.134,0.709,0.233,0.057
307,4,1281.8959186828781,0,1,1064,11.392,2.899,0.555,0.071,0.702,0.234,0.064
308,1,781.4764008211274,0,0,617,11.347,2.835,0.583,0.149,0.522,0.251,0.227
308,2,1091.8135575476115,0,0,631,11.411,2.887,0.567,0.077,0.52,0.252,0.228
308,3,1182.3924226076836,0,1,582,11.318,2.909,0.572,0.071,0.51,0.266,0.223
308,4,1235.8182456267843,0,1,571,11.366,2.937,0.566,0.012,0.518,0.266,0.215
309,1,917.5990015314036,0,0,376,11.284,2.955,0.569,0.116,0.662,0.229,0.109
309,2,881.6069804978109,0,0,372,11.249,2.898,0.57,0.062,0.661,0.223,0.116
309,3,960.5759977762774,0,1,369,11.242,2.965,0.572,0.062,0.65,0.222,0.127
309,4,1075.3905288844337,0,1,411,11.333,3.034,0.543,-0.037,0.645,0.229,0.127
310,1,1057.506035474906,0,0,463,11.243,2.976,0.551,0.261,0.708,0.171,0.121
310,2,1110.406610495012,0,0,471,11.187,3.015,0.548,0.222,0.707,0.166,0.127
310,3,1295.4503251557187,0,1,452,11.419,3.08,0.542,0.159,0.719,0.157,0.124
310,4,1156.2172015492702,0,1,473,11.481,3.059,0.533,0.046,0.727,0.154,0.118
311,1,638.746936820146,0,0,1308,12.644,2.927,0.395,-0.78,0.816,0.142,0.042
311,2,722.4034115394496,0,0,1246,12.568,2.931,0.405,-0.725,0.81,0.148,0.042
311,3,796.6891572432194,0,1,1180,12.541,2.929,0.414,-0.686,0.812,0.149,0.039
311,4,861.7710443043297,0,1,1309,12.611,2.941,0.406,-0.732,0.812,0.144,0.044
312,1,947.7274100187209,1,0,475,10.891,2.966,0.573,0.256,0.526,0.356,0.118
312,2,1231.8698666374908,1,0,453,10.718,2.916,0.581,0.269,0.536,0.353,0.11
312,3,1342.8501830879845,1,1,463,10.834,2.877,0.59,0.236,0.551,0.35,0.099
312,4,1498.921487741407,1,1,492,10.96,2.904,0.587,0.154,0.553,0.346,0.102
313,1,829.3531489638652,0,0,2718,11.888,2.961,0.487,-0.153,0.573,0.31,0.117
313,2,936.607784345443,0,0,2661,11.903,2.954,0.492,-0.156,0.572,0.312,0.116
313,3,1090.3833863272496,0,1,2436,11.846,2.949,0.489,-0.15,0.576,0.31,0.114
313,4,1134.889600436497,0,1,2369,11.818,2.94,0.488,-0.166,0.58,0.304,0.117
314,1,992.425414133543,1,0,1252,10.791,3.093,0.622,0.514,0.75,0.169,0.081
314,2,1309.0389839057925,1,0,1229,10.714,3.107,0.622,0.495,0.743,0.168,0.089
314,3,1599.8415007475185,1,1,1205,10.812,3.126,0.612,0.41,0.74,0.171,0.089
314,4,1689.8982170474512,1,1,1208,10.917,3.128,0.584,0.286,0.736,0.174,0.09
315,1,946.1086216713394,0,0,114,11.525,2.86,0.711,0.133,0.588,0.298,0.114
315,2,1065.1077309141679,0,0,111,11.299,2.919,0.712,0.206,0.568,0.315,0.117
315,3,1151.4179840744725,0,1,115,11.493,2.93,0.67,0.096,0.557,0.304,0.139
315,4,1160.9984670882814,0,1,119,11.702,2.958,0.58,-0.101,0.521,0.319,0.16
316,1,908.7095721872851,0,0,272,12.566,2.971,0.43,-0.731,0.75,0.143,0.107
316,2,672.702871651465,0,0,269,12.578,2.996,0.446,-0.71,0.755,0.138,0.108
316,3,702.457498694802,0,1,340,12.253,2.974,0.468,-0.56,0.765,0.135,0.1
316,4,752.1738353341334,0,1,312,12.197,3.003,0.465,-0.525,0.756,0.144,0.099
317,1,1012.2312463090382,1,0,454,11.301,3.044,0.573,0.139,0.76,0.148,0.093
317,2,1250.3001570798385,1,0,458,11.317,3.028,0.57,0.088,0.758,0.138,0.105
317,3,1579.3376418735254,1,1,455,11.229,3.059,0.558,0.061,0.758,0.132,0.11
317,4,1489.0285504266496,1,1,437,11.4,3.055,0.54,-0.012,0.755,0.13,0.114
318,1,935.7934922786651,0,0,200,10.969,3.1,0.585,0.338,0.48,0.43,0.09
318,2,1238.2407090687802,0,0,184,11.055,3.12,0.582,0.325,0.484,0.429,0.087
318,3,1217.6699231043967,0,1,181,10.99,3.116,0.597,0.27,0.481,0.431,0.088
318,4,1250.1164120040849,0,1,185,11.097,3.13,0.573,0.176,0.492,0.422,0.086
319,1,1016.5034662612421,0,0,122,11.391,2.893,0.598,0.277,0.631,0.279,0.09
319,2,972.9264691544521,0,0,125,11.674,2.92,0.584,0.225,0.624,0.28,0.096
319,3,1487.446856997888,0,1,124,11.676,3.032,0.581,0.196,0.621,0.282,0.097
319,4,1495.4446056198883,0,1,120,11.856,3.058,0.592,0.184,0.617,0.283,0.1
320,1,587.8544050236969,1,0,344,11.302,2.924,0.517,-0.044,0.762,0.235,0.003
320,2,904.9558013564215,1,0,338,11.331,2.932,0.527,-0.024,0.763,0.234,0.003
320,3,1137.0972572250316,1,1,345,11.404,2.93,0.516,-0.092,0.765,0.232,0.003
320,4,1166.6467293931098,1,1,368,11.677,2.894,0.495,-0.169,0.753,0.239,0.008
321,1,979.8313105670735,0,0,477,10.708,2.994,0.642,0.464,0.734,0.18,0.086
321,2,1193.1421081879218,0,0,482,10.778,3.052,0.639,0.416,0.73,0.183,0.087
321,3,1429.3984800467454,0,1,478,10.858,2.992,0.621,0.351,0.734,0.169,0.096
321,4,1477.6056784166,0,1,474,11.023,3.027,0.593,0.251,0.747,0.158,0.095
322,1,750.9267766507115,0,0,321,11.634,2.919,0.558,-0.105,0.38,0.349,0.271
322,2,1152.7223889873767,0,0,304,11.772,2.872,0.576,-0.109,0.375,0.339,0.286
322,3,1040.6705057407432,0,1,279,11.715,2.839,0.573,-0.094,0.369,0.341,0.29
322,4,962.662337250597,0,1,338,11.696,2.843,0.541,-0.185,0.379,0.331,0.29
323,1,678.0766789426358,0,0,338,11.619,2.95,0.456,-0.244,0.749,0.172,0.08
323,2,926.5346026980594,0,0,325,11.431,3.003,0.471,-0.227,0.763,0.163,0.074
323,3,1152.127753255064,0,1,328,11.625,2.973,0.491,-0.214,0.753,0.177,0.07
323,4,930.6393842615506,0,1,335,11.635,2.952,0.504,-0.238,0.761,0.158,0.081
324,1,891.4567062588999,0,0,114,11.219,3.237,0.57,0.148,0.737,0.175,0.088
324,2,1024.0054900715613,0,0,133,11.393,3.338,0.549,0.043,0.707,0.18,0.113
324,3,1290.8368356312355,0,1,124,11.361,3.339,0.532,0.059,0.734,0.153,0.113
324,4,1086.1016166135507,0,1,123,11.075,3.252,0.553,0.035,0.732,0.154,0.114
325,1,802.2896169977148,1,0,1541,11.586,3.032,0.49,-0.137,0.709,0.168,0.123
325,2,1041.326764440007,1,0,1682,11.722,3.03,0.482,-0.239,0.709,0.161,0.131
325,3,1048.6420940640032,1,1,1651,11.758,3.031,0.477,-0.266,0.706,0.162,0.132
325,4,1161.449325603651,1,1,1569,11.743,3.069,0.488,-0.254,0.702,0.166,0.132
326,1,858.6792575381972,0,0,1460,11.567,3.068,0.481,-0.056,0.825,0.096,0.079
326,2,1031.715334714861,0,0,1462,11.546,3.065,0.486,-0.065,0.82,0.096,0.083
326,3,1178.4124222080536,0,1,1438,11.507,3.045,0.494,-0.057,0.818,0.101,0.081
326,4,1360.20509634093,0,1,1406,11.505,3.036,0.497,-0.07,0.814,0.098,0.087
327,1,846.6646806299731,0,0,1309,11.58,3.059,0.537,0.103,0.635,0.199,0.167
327,2,1007.65553146976,0,0,1261,11.474,3.031,0.546,0.106,0.63,0.205,0.166
327,3,1195.401982332687,0,1,1271,11.446,3.029,0.561,0.135,0.629,0.205,0.166
327,4,1253.863911213836,0,1,1256,11.534,3.029,0.554,0.063,0.626,0.204,0.17
328,1,993.1766347354928,1,0,379,11.294,2.913,0.533,0.204,0.865,0.108,0.026
328,2,1079.0137408267403,1,0,363,11.318,2.895,0.526,0.176,0.868,0.105,0.028
328,3,1302.3288341296393,1,1,373,11.392,2.874,0.52,0.103,0.858,0.123,0.019
328,4,1576.2622133784657,1,1,384,11.687,2.841,0.5,0.019,0.854,0.128,0.018
329,1,987.3220031040689,1,0,866,11.379,3.098,0.555,0.288,0.612,0.303,0.085
329,2,1118.529429854897,1,0,864,11.397,3.12,0.547,0.24,0.618,0.296,0.086
329,3,1367.081135688038,1,1,858,11.402,3.119,0.53,0.155,0.607,0.302,0.091
329,4,1398.8310058015636,1,1,993,11.488,3.096,0.525,0.003,0.609,0.301,0.09
330,1,770.708015399255,0,0,822,11.846,2.985,0.499,-0.191,0.741,0.17,0.089
330,2,912.6082451866365,0,0,802,11.855,3.002,0.509,-0.166,0.737,0.175,0.089
330,3,1059.0577349367784,0,1,786,11.845,3.003,0.5,-0.194,0.737,0.177,0.087
330,4,1109.5170830689706,0,1,779,11.831,3.03,0.502,-0.192,0.736,0.186,0.078
331,1,879.969984461583,1,0,717,11.32,3.003,0.569,0.225,0.671,0.262,0.067
331,2,1144.2523417870766,1,0,753,11.458,3.013,0.559,0.13,0.672,0.262,0.066
331,3,1263.710156729778,1,1,814,11.373,2.993,0.559,0.104,0.663,0.265,0.071
331,4,1272.3222681035852,1,1,759,11.362,3.043,0.56,0.107,0.657,0.267,0.075
332,1,903.6283388601724,0,0,1250,11.625,2.977,0.509,-0.053,0.705,0.197,0.098
332,2,1003.7417705997474,0,0,1201,11.584,2.974,0.519,-0.05,0.705,0.197,0.098
332,3,1052.9116095931422,0,1,1189,11.535,2.961,0.514,-0.085,0.707,0.193,0.1
332,4,1138.8465701548566,0,1,1122,11.498,2.936,0.514,-0.117,0.696,0.192,0.112
333,1,1024.233643222376,1,0,562,11.222,2.952,0.577,0.352,0.778,0.121,0.101
333,2,1183.442141730932,1,0,586,11.213,2.98,0.575,0.326,0.771,0.123,0.106
333,3,1326.8806752779685,1,1,554,11.212,3.063,0.576,0.274,0.776,0.126,0.097
333,4,1371.2923050041322,1,1,581,11.136,3.052,0.57,0.22,0.762,0.139,0.098
334,1,661.6385265942247,1,0,122,12.285,2.91,0.393,-0.364,0.705,0.205,0.09
334,2,798.3104563105339,1,0,132,12.642,3.023,0.417,-0.378,0.682,0.212,0.106
334,3,860.886532706886,1,1,127,12.572,2.976,0.433,-0.404,0.693,0.205,0.102
334,4,1074.600463846513,1,1,125,12.693,3,0.432,-0.377,0.712,0.184,0.104
335,1,852.9713041379212,1,0,207,11.917,3.208,0.517,0.196,0.652,0.251,0.097
335,2,1275.2548385712373,1,0,211,11.956,3.137,0.517,0.196,0.654,0.251,0.095
335,3,1369.0944552277388,1,1,230,11.635,3.143,0.53,0.123,0.67,0.226,0.104
335,4,1934.4834198517965,1,1,234,11.455,3.141,0.564,0.137,0.688,0.201,0.111
336,1,1071.8883514314764,0,0,339,11.655,3.056,0.552,0.056,0.614,0.233,0.153
336,2,1302.630715633036,0,0,351,11.567,2.969,0.544,0.03,0.621,0.228,0.151
336,3,1147.1380217764838,0,1,319,11.555,2.915,0.536,0.017,0.608,0.229,0.163
336,4,1104.8157919464597,0,1,332,11.663,2.967,0.542,-0.112,0.59,0.25,0.16
337,1,973.9697909710573,1,0,574,11.219,3.037,0.542,0.102,0.667,0.185,0.148
337,2,1171.2483133684393,1,0,560,11.23,3.025,0.55,0.081,0.661,0.188,0.152
337,3,1340.348045219593,1,1,614,11.226,3.01,0.562,0.026,0.666,0.186,0.148
337,4,1639.15284052225,1,1,599,11.277,3.005,0.559,-0.059,0.666,0.187,0.147
338,1,822.8257172487436,0,0,600,11.582,3.067,0.563,0.196,0.872,0.09,0.038
338,2,970.7556947141693,0,0,623,11.413,3.104,0.575,0.219,0.865,0.1,0.035
338,3,1164.1218421155088,0,1,650,11.529,3.123,0.563,0.119,0.869,0.095,0.035
338,4,1486.833600992504,0,1,639,11.574,3.15,0.557,0.053,0.876,0.085,0.039
339,1,1037.4308571311433,0,0,278,12.169,3.04,0.522,-0.01,0.586,0.23,0.183
339,2,1038.2941478431212,0,0,272,12.034,3.018,0.518,-0.043,0.596,0.232,0.173
339,3,1121.70008998848,0,1,286,11.829,2.979,0.538,-0.032,0.594,0.234,0.171
339,4,1179.1775413675136,0,1,292,11.842,3.051,0.548,-0.106,0.589,0.205,0.205
340,1,670.9014673227174,0,0,183,12.185,2.94,0.454,-0.078,0.858,0.082,0.06
340,2,967.0318403084395,0,0,248,11.54,3.036,0.508,-0.009,0.851,0.081,0.069
340,3,1065.9319466908,0,1,262,11.822,3,0.511,-0.041,0.844,0.092,0.065
340,4,1066.7708151445127,0,1,255,11.838,2.969,0.502,-0.008,0.835,0.098,0.067
341,1,832.0833860599008,1,0,917,11.078,2.998,0.589,0.343,0.639,0.286,0.075
341,2,1153.7676119912858,1,0,981,11.443,3.021,0.549,0.089,0.635,0.28,0.085
341,3,1258.6867161621112,1,1,957,11.458,3.008,0.543,0.096,0.638,0.276,0.086
341,4,1480.2303998721127,1,1,903,11.364,2.989,0.548,0.076,0.642,0.264,0.094
342,1,1157.3086878134666,1,0,513,11.013,2.891,0.653,0.467,0.776,0.168,0.057
342,2,1409.7957658808507,1,0,513,11.126,2.86,0.626,0.363,0.776,0.162,0.062
342,3,1660.5875993375585,1,1,512,11.215,2.828,0.604,0.304,0.777,0.158,0.064
342,4,1596.1249828789507,1,1,561,11.282,2.852,0.581,0.188,0.788,0.15,0.062
343,1,945.398781456598,0,0,428,11.051,2.937,0.638,0.439,0.444,0.318,0.238
343,2,1108.2212206151735,0,0,416,11.116,2.945,0.632,0.408,0.43,0.32,0.25
343,3,1553.6397283999152,0,1,423,11.372,2.915,0.629,0.298,0.452,0.312,0.236
343,4,1428.8668272449565,0,1,408,11.371,2.89,0.635,0.249,0.446,0.316,0.238
344,1,812.1488385321302,1,0,146,11.028,3.096,0.658,0.433,0.685,0.164,0.151
344,2,1082.2393135670713,1,0,165,11.413,3.079,0.63,0.27,0.691,0.17,0.139
344,3,1192.4935531565727,1,1,159,11.601,3.05,0.623,0.202,0.692,0.176,0.132
344,4,1434.7796466569202,1,1,147,11.713,3.122,0.633,0.185,0.694,0.184,0.122
345,1,845.1559908822541,0,0,1098,11.833,2.996,0.499,-0.148,0.889,0.066,0.046
345,2,914.7847027092344,0,0,1053,11.793,3.002,0.497,-0.163,0.891,0.062,0.047
345,3,972.3838433119927,0,1,1140,11.787,2.994,0.478,-0.258,0.889,0.063,0.048
345,4,1013.284987373409,0,1,1203,11.663,2.965,0.485,-0.227,0.884,0.066,0.05
346,1,895.5198636535789,0,0,417,11.527,2.995,0.54,-0.109,0.664,0.213,0.122
346,2,997.8523939295137,0,0,403,11.655,3.052,0.536,-0.166,0.653,0.221,0.127
346,3,1077.1623116601065,0,1,383,11.66,3.052,0.527,-0.15,0.645,0.225,0.131
346,4,1256.4164082089349,0,1,383,11.702,3.029,0.52,-0.222,0.655,0.225,0.12
347,1,907.6265750385509,0,0,312,11.268,2.952,0.545,0.083,0.526,0.285,0.189
347,2,955.2692135671837,0,0,296,11.4,2.943,0.541,0.027,0.517,0.291,0.193
347,3,1175.335863716406,0,1,359,11.623,2.894,0.507,-0.155,0.51,0.287,0.203
347,4,1344.089536031445,0,1,348,11.339,2.888,0.506,-0.166,0.529,0.282,0.19
348,1,773.9728146966341,0,0,918,11.939,2.943,0.451,-0.144,0.784,0.129,0.087
348,2,846.8219831001622,0,0,873,11.853,2.943,0.451,-0.121,0.794,0.126,0.08
348,3,1072.01519610864,0,1,893,11.819,2.966,0.462,-0.15,0.794,0.127,0.08
348,4,1221.259524103573,0,1,891,11.827,2.963,0.453,-0.197,0.804,0.119,0.077
349,1,995.9150898756545,1,0,2718,10.976,3.004,0.615,0.403,0.732,0.161,0.107
349,2,1336.909532165291,1,0,2645,11.003,3.022,0.601,0.375,0.73,0.16,0.11
349,3,1417.1372435799506,1,1,2551,11.027,3.006,0.593,0.34,0.73,0.159,0.111
349,4,1588.1767658184062,1,1,2544,11.139,3.015,0.582,0.23,0.723,0.162,0.115
350,1,496.7273481804529,1,0,91,11.261,2.791,0.505,-0.071,0.758,0.143,0.099
350,2,1175.182252648705,1,0,100,11.382,2.83,0.5,-0.028,0.75,0.16,0.09
350,3,1007.7404470416534,1,1,135,11.73,2.985,0.489,-0.228,0.726,0.178,0.096
350,4,1309.1133886407429,1,1,162,11.522,2.889,0.488,-0.199,0.704,0.204,0.093
351,1,962.4149674146353,0,0,1970,10.83,3.022,0.612,0.456,0.498,0.329,0.173
351,2,1228.3808894642614,0,0,1933,10.871,3.033,0.605,0.394,0.496,0.33,0.174
351,3,1472.3900446034982,0,1,1922,10.935,3.043,0.601,0.33,0.498,0.326,0.175
351,4,1528.071208668274,0,1,2027,11.022,3.074,0.573,0.181,0.495,0.332,0.173
352,1,771.1965554053979,0,0,865,11.755,2.998,0.503,-0.139,0.654,0.242,0.104
352,2,952.905918746824,0,0,824,11.76,3.011,0.505,-0.146,0.659,0.235,0.106
352,3,1091.997301748361,0,1,832,11.799,3.053,0.505,-0.145,0.659,0.237,0.105
352,4,1178.8224042958536,0,1,805,11.784,3.035,0.493,-0.197,0.653,0.24,0.107
353,1,1158.0982731432794,0,0,456,11.853,3.029,0.526,0.002,0.526,0.294,0.18
353,2,1177.6294684691895,0,0,437,11.923,3.037,0.522,0.032,0.522,0.302,0.176
353,3,1220.2715358161477,0,1,438,11.854,3.023,0.505,-0.035,0.525,0.306,0.169
353,4,1445.3720543813024,0,1,437,11.966,3.041,0.492,-0.089,0.513,0.304,0.183
354,1,1280.6040061764613,1,0,79,11.479,2.785,0.582,0.347,0.57,0.329,0.101
354,2,1836.005208838715,1,0,78,11.713,2.885,0.577,0.271,0.577,0.333,0.09
354,3,1670.991263695032,1,1,70,12.004,2.943,0.6,0.237,0.571,0.329,0.1
354,4,2398.4606430672393,1,1,72,11.599,3.069,0.611,0.194,0.556,0.333,0.111
355,1,940.8397372684882,0,0,331,12.008,2.909,0.45,-0.199,0.613,0.196,0.19
355,2,1229.996563599887,0,0,342,11.773,3.018,0.474,-0.149,0.608,0.181,0.211
355,3,1188.2195807558414,0,1,363,11.759,3.074,0.504,-0.14,0.603,0.187,0.209
355,4,1260.3503752790455,0,1,350,11.714,3.069,0.506,-0.139,0.623,0.177,0.2
356,1,808.401189729605,0,0,435,10.948,3.101,0.561,0.273,0.823,0.138,0.039
356,2,1173.2438461710467,0,0,455,11.089,2.996,0.563,0.228,0.826,0.134,0.04
356,3,1337.693755934641,0,1,452,11.068,3.002,0.56,0.179,0.823,0.135,0.042
356,4,1412.8190473075317,0,1,527,11.464,2.968,0.531,0.042,0.829,0.123,0.047
357,1,815.1878061417419,0,0,409,11.297,3.049,0.582,0.132,0.513,0.372,0.115
357,2,1060.0923881592523,0,0,444,11.325,3.027,0.563,0.096,0.52,0.356,0.124
357,3,1181.0928698370196,0,1,464,11.372,3.024,0.534,0.05,0.519,0.369,0.112
357,4,1329.4757071517622,0,1,449,11.41,3.011,0.53,-0.006,0.506,0.379,0.116
358,1,933.6825440746156,1,0,1142,11.218,2.926,0.58,0.304,0.576,0.296,0.128
358,2,1267.1553907023842,1,0,1219,11.274,2.969,0.567,0.221,0.577,0.297,0.126
358,3,1265.9678779242977,1,1,1161,11.284,2.956,0.562,0.218,0.577,0.298,0.125
358,4,1376.9182061350934,1,1,1156,11.307,2.939,0.561,0.171,0.574,0.296,0.13
359,1,926.6204804284386,1,0,497,11.684,3.01,0.547,0.036,0.519,0.296,0.185
359,2,904.0853744710178,1,0,508,11.787,3.055,0.526,-0.024,0.522,0.297,0.181
359,3,1226.7166835572343,1,1,476,11.939,3.019,0.523,-0.076,0.532,0.288,0.181
359,4,1358.9702506461376,1,1,466,11.868,2.994,0.528,-0.05,0.528,0.305,0.167
360,1,898.1447991031795,1,0,1310,10.957,2.97,0.586,0.287,0.605,0.198,0.198
360,2,1330.1238026020576,1,0,1335,11.048,2.986,0.581,0.253,0.599,0.204,0.197
360,3,1495.7260971979308,1,1,1316,11.132,2.992,0.572,0.209,0.596,0.205,0.199
360,4,1746.906000678343,1,1,1323,11.225,2.988,0.555,0.07,0.594,0.208,0.198
361,1,946.5192575678276,1,0,371,10.96,3.191,0.582,0.352,0.892,0.043,0.065
361,2,1011.0659343212577,1,0,386,11,3.135,0.565,0.314,0.889,0.041,0.07
361,3,1431.2452279400795,1,1,389,11.17,3.175,0.573,0.272,0.889,0.041,0.069
361,4,1421.8043122826978,1,1,369,11.195,3.203,0.566,0.242,0.892,0.043,0.065
362,1,792.266014305661,0,0,589,11.254,2.954,0.594,0.181,0.737,0.163,0.1
362,2,1072.7173402357432,0,0,583,11.418,3.009,0.58,0.093,0.739,0.16,0.101
362,3,1236.6574827377747,0,1,583,11.417,3,0.583,0.054,0.741,0.149,0.11
362,4,1511.832025969424,0,1,579,11.469,2.997,0.556,-0.007,0.734,0.157,0.109
363,1,816.6012986794949,1,0,549,11.066,3.015,0.607,0.277,0.723,0.239,0.038
363,2,1126.0268682656358,1,0,541,11.127,2.998,0.586,0.21,0.725,0.238,0.037
363,3,1402.9043273129876,1,1,512,11.15,2.992,0.588,0.146,0.729,0.236,0.035
363,4,1384.6216570514457,1,1,519,11.337,3.008,0.57,0.081,0.744,0.229,0.027
364,1,872.9307177682631,0,0,891,11.157,2.993,0.59,0.256,0.54,0.334,0.126
364,2,1222.3918754061556,0,0,903,11.08,3.01,0.591,0.262,0.542,0.334,0.124
364,3,1295.8855684772425,0,1,887,11.171,3,0.583,0.189,0.54,0.335,0.125
364,4,1283.4721467558702,0,1,875,11.223,2.953,0.563,0.126,0.549,0.335,0.117
365,1,1007.3431327494594,1,0,302,10.913,3.086,0.566,0.095,0.609,0.308,0.083
365,2,1263.590165379216,1,0,308,10.92,3.153,0.565,0.095,0.604,0.308,0.088
365,3,1400.8018524207516,1,1,281,10.841,3.16,0.566,0.117,0.612,0.295,0.093
365,4,1474.150164967148,1,1,296,11.246,3.172,0.537,-0.03,0.588,0.324,0.088
366,1,978.5932733366529,1,0,1202,11.224,2.945,0.567,0.232,0.655,0.264,0.082
366,2,1201.7562979183683,1,0,1192,11.307,2.943,0.556,0.135,0.655,0.261,0.084
366,3,1312.3372873637181,1,1,1151,11.538,2.963,0.55,0.062,0.649,0.271,0.08
366,4,1557.6227544544136,1,1,1070,11.576,2.996,0.543,0.05,0.643,0.276,0.081
367,1,793.8618316874581,0,0,2716,11.62,2.939,0.515,-0.134,0.684,0.181,0.135
367,2,954.9498911818353,0,0,2754,11.665,2.953,0.52,-0.161,0.69,0.175,0.135
367,3,1078.0318405615737,0,1,2787,11.58,2.981,0.526,-0.138,0.688,0.174,0.138
367,4,1109.0466679870442,0,1,2874,11.683,2.981,0.51,-0.243,0.68,0.175,0.145
368,1,690.0900595931039,1,0,193,10.902,2.979,0.554,0.086,0.876,0.083,0.041
368,2,825.4411025830448,1,0,185,10.957,2.93,0.546,0.075,0.87,0.086,0.043
368,3,1125.6389718487285,1,1,188,10.987,2.91,0.532,0.009,0.867,0.074,0.059
368,4,1137.1801678329543,1,1,186,10.87,3.022,0.559,0.026,0.86,0.081,0.059
369,1,941.4616651261076,0,0,186,10.831,2.995,0.608,0.24,0.742,0.172,0.086
369,2,981.1087777102925,0,0,175,10.894,2.88,0.606,0.23,0.754,0.177,0.069
369,3,1204.5939512803618,0,1,171,10.901,2.93,0.602,0.196,0.754,0.17,0.076
369,4,1176.745719753622,0,1,172,11.167,2.936,0.558,0.138,0.762,0.163,0.076
370,1,810.9163748074698,0,0,477,11.589,3.036,0.484,-0.035,0.713,0.124,0.164
370,2,1083.1866730117865,0,0,481,11.561,3.025,0.464,-0.051,0.721,0.125,0.154
370,3,1224.6735490243493,0,1,465,11.719,3.015,0.469,-0.109,0.729,0.114,0.157
370,4,1162.2457141887182,0,1,496,11.723,3.024,0.47,-0.129,0.736,0.101,0.163
371,1,896.5981514461763,1,0,294,10.829,3.041,0.599,0.317,0.779,0.15,0.071
371,2,1322.8747774131991,1,0,327,10.943,3.122,0.581,0.259,0.749,0.168,0.083
371,3,1509.8967026679782,1,1,364,11.111,3.088,0.582,0.134,0.755,0.168,0.077
371,4,1540.4826275391126,1,1,348,11.113,3.083,0.575,0.139,0.753,0.17,0.078
372,1,554.4679401438125,1,0,218,12.156,3.11,0.546,0.247,0.587,0.151,0.261
372,2,1138.0777339473193,1,0,213,12.041,3.131,0.549,0.21,0.582,0.15,0.268
372,3,1114.831940091136,1,1,224,12.023,3.143,0.549,0.169,0.571,0.147,0.281
372,4,1476.728462679585,1,1,222,11.945,3.099,0.545,0.147,0.581,0.144,0.275
373,1,978.9193271698063,0,0,345,11.148,3.032,0.562,0.216,0.548,0.261,0.191
373,2,963.7054586860311,0,0,349,11.171,3.017,0.579,0.248,0.556,0.261,0.183
373,3,1651.9037308659001,0,1,322,11.044,2.997,0.562,0.253,0.562,0.255,0.183
373,4,1671.0668226843422,0,1,300,11.095,3,0.563,0.217,0.563,0.26,0.177
374,1,930.9791028405459,0,0,436,11.172,3.048,0.537,0.354,0.856,0.062,0.083
374,2,1107.5182851713532,0,0,449,11.268,3.076,0.55,0.308,0.855,0.065,0.08
374,3,1541.954926919489,0,1,453,11.366,3.088,0.558,0.288,0.857,0.064,0.079
374,4,1518.274500855565,0,1,453,11.321,3.104,0.547,0.236,0.854,0.062,0.084
375,1,848.5452757470536,0,0,756,11.552,2.952,0.511,-0.018,0.652,0.225,0.123
375,2,979.4247600103017,0,0,759,11.422,2.918,0.519,0.007,0.657,0.223,0.12
375,3,1134.0765374213865,0,1,764,11.57,2.938,0.505,-0.056,0.654,0.215,0.131
375,4,1269.3369965758284,0,1,736,11.562,2.973,0.503,-0.074,0.654,0.216,0.13
376,1,978.3230781364533,1,0,1662,11.082,3.083,0.611,0.383,0.684,0.258,0.058
376,2,1254.1632046051109,1,0,1636,11.139,3.081,0.601,0.336,0.691,0.252,0.057
376,3,1377.7134098025895,1,1,1648,11.252,3.086,0.578,0.264,0.696,0.249,0.055
376,4,1537.5924532048814,1,1,1589,11.339,3.047,0.566,0.22,0.708,0.24,0.052
377,1,1015.6339471792215,0,0,645,11.711,3.031,0.496,-0.069,0.702,0.174,0.124
377,2,868.3577399949086,0,0,618,11.719,3.074,0.508,-0.099,0.707,0.175,0.118
377,3,1030.120140932336,0,1,646,11.729,3.065,0.508,-0.097,0.706,0.17,0.124
377,4,1156.4531674541888,0,1,635,11.761,3.079,0.498,-0.131,0.699,0.178,0.123
378,1,942.7199302162837,0,0,892,11.558,3.019,0.513,-0.007,0.768,0.149,0.083
378,2,994.2653743998884,0,0,885,11.65,2.994,0.513,-0.022,0.769,0.147,0.084
378,3,1243.117058271289,0,1,880,11.632,3.035,0.522,-0.008,0.772,0.149,0.08
378,4,1427.8937685635315,0,1,889,11.535,3.099,0.544,-0.006,0.776,0.148,0.075
379,1,721.6078473846625,0,0,548,10.843,3.004,0.544,0.254,0.672,0.21,0.119
379,2,1043.3787235939533,0,0,561,11.033,3,0.549,0.208,0.676,0.21,0.114
379,3,1102.2148973616331,0,1,592,11.192,2.986,0.542,0.055,0.689,0.196,0.115
379,4,1364.558648735399,0,1,578,11.242,2.986,0.542,0.022,0.69,0.202,0.107
380,1,787.4679655826466,1,0,147,11.298,2.973,0.605,-0.063,0.544,0.238,0.218
380,2,1188.8223699124658,1,0,172,11.604,2.948,0.558,-0.088,0.535,0.215,0.25
380,3,1169.312823898103,1,1,166,11.638,3.072,0.554,-0.057,0.548,0.193,0.259
380,4,1033.4961594389365,1,1,208,11.997,3.077,0.529,-0.214,0.548,0.192,0.26
381,1,651.4177762904051,0,0,408,12.754,2.931,0.4,-0.75,0.838,0.14,0.022
381,2,810.0601590695283,0,0,391,12.629,2.941,0.402,-0.679,0.836,0.141,0.023
381,3,895.0417057106363,0,1,388,12.594,2.946,0.397,-0.651,0.827,0.149,0.023
381,4,1161.5441661925006,0,1,455,12.417,3.059,0.437,-0.569,0.833,0.147,0.02
382,1,816.2926437972682,0,0,484,11.651,3.054,0.554,0.057,0.826,0.116,0.058
382,2,1021.1892887624181,0,0,489,11.798,3.086,0.552,0.004,0.84,0.1,0.059
382,3,998.2799863177975,0,1,452,11.803,3.055,0.553,0.025,0.843,0.1,0.058
382,4,1303.891750444203,0,1,450,11.715,3.022,0.542,0.017,0.844,0.1,0.056
383,1,834.9515617493698,1,0,775,11.429,2.903,0.555,0.155,0.64,0.249,0.111
383,2,1091.6271999720348,1,0,777,11.53,2.892,0.555,0.131,0.632,0.256,0.112
383,3,1303.6321793111085,1,1,772,11.66,2.873,0.554,0.081,0.64,0.251,0.109
383,4,1373.2578177188157,1,1,775,11.613,2.917,0.554,0.041,0.644,0.244,0.112
384,1,647.0712885054301,0,0,2284,12.438,3.012,0.403,-0.701,0.736,0.184,0.08
384,2,736.1410737193999,0,0,2239,12.354,3.027,0.425,-0.625,0.734,0.186,0.08
384,3,829.1464828586498,0,1,2205,12.349,3.008,0.427,-0.615,0.741,0.178,0.081
384,4,858.7865164599083,0,1,2463,12.28,2.984,0.427,-0.624,0.737,0.181,0.082
385,1,630.8032456425287,0,0,658,13.024,3.008,0.369,-0.897,0.91,0.076,0.014
385,2,618.4477560278087,0,0,614,13.067,2.938,0.373,-0.826,0.917,0.072,0.011
385,3,752.812002081323,0,1,603,13.089,2.927,0.395,-0.733,0.92,0.068,0.012
385,4,822.37245785574,0,1,628,12.858,2.968,0.416,-0.687,0.919,0.064,0.018
386,1,986.1464131260683,1,0,985,10.989,3.027,0.585,0.329,0.713,0.209,0.078
386,2,1317.980216449395,1,0,982,11.035,3.026,0.574,0.276,0.705,0.212,0.084
386,3,1434.4151655690675,1,1,961,11.222,3.016,0.56,0.153,0.704,0.211,0.084
386,4,1525.3361769975425,1,1,963,11.274,3.008,0.565,0.07,0.702,0.211,0.087
387,1,734.4389459255525,0,0,287,11.657,2.99,0.554,0.072,0.857,0.077,0.066
387,2,904.9115140359183,0,0,297,11.445,2.99,0.562,0.146,0.855,0.084,0.061
387,3,1176.4146818403885,0,1,280,11.456,2.982,0.579,0.12,0.854,0.082,0.064
387,4,1552.0549780437736,0,1,274,11.406,2.934,0.562,-0.018,0.854,0.088,0.058
388,1,1114.884083820528,0,0,201,11.81,3.194,0.522,0.019,0.721,0.164,0.114
388,2,1187.1070903107507,0,0,192,11.385,3.172,0.531,0.061,0.729,0.146,0.125
388,3,1261.4847627680724,0,1,202,11.482,3.163,0.525,0.026,0.718,0.149,0.134
388,4,1369.1325513601546,0,1,204,11.137,3.181,0.549,0.053,0.73,0.137,0.132
389,1,1070.6414409551937,0,0,326,10.791,3.095,0.61,0.341,0.525,0.42,0.055
389,2,1089.6677424566362,0,0,320,10.74,3.091,0.613,0.265,0.534,0.409,0.056
389,3,1397.0556155394827,0,1,327,10.749,3.055,0.615,0.231,0.535,0.407,0.058
389,4,1713.34191195595,0,1,327,10.952,2.994,0.615,0.136,0.526,0.41,0.064
390,1,1200.3013226699359,0,0,280,11.866,3.036,0.564,0.011,0.568,0.239,0.193
390,2,1216.9829566491667,0,0,275,11.864,3.015,0.545,0.037,0.578,0.236,0.185
390,3,1164.6701308160875,0,1,267,11.638,3,0.551,-0.036,0.566,0.228,0.206
390,4,1299.4793243977185,0,1,264,11.79,2.917,0.538,-0.072,0.545,0.246,0.208
391,1,1058.6326361799947,1,0,576,11.74,2.984,0.509,-0.102,0.49,0.205,0.306
391,2,997.5133099296471,1,0,558,11.707,2.968,0.496,-0.098,0.489,0.203,0.308
391,3,1203.0614336255908,1,1,554,11.751,2.964,0.495,-0.127,0.482,0.206,0.312
391,4,1353.3711092362812,1,1,542,11.667,2.967,0.506,-0.134,0.476,0.207,0.317
392,1,613.7896620670319,1,0,261,11.454,3.019,0.54,-0.225,0.517,0.341,0.142
392,2,725.7866526009391,1,0,264,11.394,2.989,0.545,-0.153,0.519,0.326,0.155
392,3,1311.3774728694088,1,1,276,11.364,2.909,0.543,-0.132,0.525,0.322,0.152
392,4,1146.5806387002767,1,1,258,11.413,2.907,0.543,-0.123,0.508,0.333,0.159
393,1,803.9559520310418,0,0,152,11.669,3.02,0.625,0.196,0.737,0.211,0.053
393,2,1000.0858930629884,0,0,173,11.697,3.023,0.607,0.106,0.723,0.22,0.058
393,3,1029.007828763233,0,1,167,11.719,3.012,0.605,0.073,0.731,0.222,0.048
393,4,1399.3910199939226,0,1,159,11.962,3.025,0.616,0.098,0.736,0.226,0.038
394,1,892.3400712279961,1,0,360,12.117,3.178,0.533,-0.046,0.725,0.233,0.042
394,2,1204.210081852077,1,0,362,12.049,3.108,0.547,-0.057,0.729,0.224,0.047
394,3,1620.1929105810004,1,1,361,11.981,3.133,0.548,-0.122,0.734,0.211,0.055
394,4,1450.548571831551,1,1,342,11.925,3.056,0.529,-0.111,0.728,0.211,0.061
395,1,702.348549075349,0,0,590,12.367,2.934,0.405,-0.649,0.698,0.246,0.056
395,2,783.4222429906218,0,0,564,12.338,2.961,0.406,-0.625,0.704,0.246,0.05
395,3,832.6068715293321,0,1,536,12.309,2.94,0.414,-0.605,0.692,0.261,0.047
395,4,845.5003580784563,0,1,555,12.324,2.98,0.4,-0.645,0.667,0.277,0.056
396,1,722.8451158955647,0,0,921,11.594,3.047,0.547,0.063,0.704,0.156,0.14
396,2,920.1822983524862,0,0,899,11.506,3.037,0.548,0.059,0.699,0.151,0.15
396,3,1164.4045685002613,0,1,884,11.456,3.021,0.555,0.058,0.705,0.147,0.148
396,4,1122.2776153389968,0,1,885,11.616,3.012,0.544,-0.067,0.688,0.158,0.154
397,1,782.9231212452502,0,0,600,11.277,2.95,0.55,0.119,0.793,0.153,0.053
397,2,948.0535158804524,0,0,597,11.363,2.94,0.534,0.06,0.792,0.157,0.05
397,3,974.9529305497274,0,1,647,11.479,2.975,0.526,0.003,0.793,0.153,0.054
397,4,1100.73755505159,0,1,633,11.501,2.927,0.52,-0.057,0.798,0.148,0.054
398,1,1007.9465462049736,1,0,298,11.588,3.171,0.544,0.051,0.614,0.131,0.255
398,2,1133.2750449248165,1,0,292,11.682,3.14,0.562,0.048,0.592,0.147,0.26
398,3,1224.887667309088,1,1,310,11.811,3.113,0.561,-0.022,0.587,0.139,0.274
398,4,1320.6574703047318,1,1,310,12.027,3.11,0.542,-0.109,0.555,0.152,0.294
399,1,887.1965501349158,1,0,139,10.839,2.928,0.547,0.165,0.518,0.23,0.252
399,2,776.9521549368651,1,0,139,10.893,2.964,0.525,0.086,0.511,0.237,0.252
399,3,1064.471811146712,1,1,137,10.609,2.964,0.547,0.142,0.489,0.226,0.285
399,4,1226.797101766445,1,1,138,10.259,2.964,0.507,0.093,0.457,0.246,0.297
400,1,754.6767985576328,1,0,3721,12.225,2.983,0.433,-0.483,0.69,0.221,0.089
400,2,766.1830861498725,1,0,3857,12.107,2.993,0.447,-0.402,0.682,0.227,0.09
400,3,982.5228459097357,1,1,3552,12.041,3.001,0.458,-0.366,0.684,0.224,0.092
400,4,1032.979263662399,1,1,3408,12.039,2.991,0.459,-0.394,0.687,0.222,0.091
401,1,907.1752859484662,1,0,457,11.161,3.004,0.602,0.409,0.718,0.188,0.094
401,2,1199.316020371814,1,0,473,11.207,3.002,0.615,0.375,0.715,0.192,0.093
401,3,1536.829402727749,1,1,507,11.241,2.959,0.596,0.263,0.724,0.17,0.107
401,4,1610.6912957381448,1,1,520,11.7,2.931,0.565,-0.051,0.746,0.162,0.092
402,1,835.2418102044497,1,0,616,11.639,2.953,0.532,0.102,0.656,0.25,0.094
402,2,1020.2349713273697,1,0,613,11.579,2.938,0.527,0.109,0.654,0.246,0.1
402,3,1338.4920494233916,1,1,583,11.6,2.95,0.527,0.09,0.654,0.252,0.094
402,4,1402.0094237570588,1,1,582,11.61,2.993,0.529,0.073,0.653,0.253,0.095
403,1,734.0550125792763,0,0,917,11.726,2.993,0.492,-0.271,0.885,0.092,0.023
403,2,755.9958972292244,0,0,883,11.672,2.971,0.492,-0.252,0.878,0.1,0.023
403,3,996.8956626984785,0,1,889,11.597,2.985,0.512,-0.206,0.874,0.102,0.024
403,4,1167.5029600644364,0,1,926,11.514,2.996,0.512,-0.209,0.882,0.095,0.023
404,1,848.7292010975384,0,0,477,11.108,3.094,0.524,0.157,0.839,0.115,0.046
404,2,957.5996738767498,0,0,505,11.471,3.095,0.521,0.077,0.836,0.125,0.04
404,3,1174.1255857844387,0,1,540,11.473,3.046,0.52,0.009,0.824,0.122,0.054
404,4,1374.1577719631666,0,1,564,11.804,3.028,0.504,-0.191,0.842,0.105,0.053
405,1,915.5931184103152,1,0,496,11.537,3.119,0.544,-0.009,0.661,0.22,0.119
405,2,1079.5285914676308,1,0,497,11.671,3.113,0.555,-0.024,0.662,0.221,0.117
405,3,1187.5546749070322,1,1,476,11.677,3.162,0.544,-0.028,0.653,0.216,0.13
405,4,1306.664524371147,1,1,449,11.668,3.171,0.555,-0.043,0.641,0.225,0.134
406,1,652.7431950116488,0,0,677,12.146,3.001,0.453,-0.366,0.895,0.061,0.044
406,2,795.6693048446806,0,0,677,12.128,3.016,0.468,-0.307,0.892,0.062,0.046
406,3,932.9058332049716,0,1,676,11.988,3.03,0.482,-0.282,0.889,0.062,0.049
406,4,1155.905086435645,0,1,727,11.852,3.025,0.505,-0.237,0.893,0.059,0.048
407,1,700.1847622220039,1,0,205,11.514,3.029,0.424,-0.249,0.859,0.073,0.068
407,2,823.5285816922448,1,0,203,11.394,3,0.433,-0.208,0.857,0.079,0.064
407,3,1008.6940387035985,1,1,201,11.486,3.04,0.468,-0.234,0.871,0.075,0.055
407,4,1283.415296817597,1,1,237,11.795,3.013,0.456,-0.236,0.861,0.089,0.051
408,1,791.6664371710586,0,0,154,11.113,2.864,0.506,-0.134,0.591,0.318,0.091
408,2,987.346382740231,0,0,163,11.458,2.871,0.509,-0.136,0.601,0.319,0.08
408,3,930.898052309264,0,1,180,11.806,2.928,0.494,-0.246,0.589,0.333,0.078
408,4,1203.1341537080125,0,1,169,11.834,2.87,0.503,-0.262,0.58,0.343,0.077
409,1,654.7406664517791,0,0,265,11.231,2.94,0.558,0.055,0.691,0.185,0.125
409,2,1197.5112793426863,0,0,270,11.081,2.989,0.567,0.056,0.685,0.185,0.13
409,3,1317.2849564248036,0,1,253,10.929,3,0.565,0.086,0.692,0.162,0.146
409,4,1291.2301693009667,0,1,256,11.182,2.926,0.523,-0.03,0.703,0.156,0.141
410,1,1055.5922501556581,0,0,777,11.046,2.988,0.575,0.133,0.378,0.461,0.161
410,2,950.6326325245188,0,0,762,11.064,2.965,0.583,0.138,0.377,0.47,0.154
410,3,1235.082267566585,0,1,744,11.084,2.937,0.582,0.147,0.371,0.481,0.148
410,4,1314.681443685427,0,1,768,11.204,2.91,0.585,0.09,0.384,0.471,0.145
411,1,779.7632000590903,0,0,661,11.403,3.026,0.585,0.263,0.513,0.349,0.138
411,2,1043.9167190974204,0,0,641,11.384,3.005,0.579,0.235,0.509,0.353,0.139
411,3,1310.8601800731792,0,1,615,11.435,2.998,0.574,0.219,0.517,0.34,0.143
411,4,1396.8238518592007,0,1,601,11.329,3.042,0.571,0.128,0.521,0.344,0.135
412,1,1089.1625992481147,1,0,145,10.804,3.083,0.572,0.164,0.572,0.31,0.117
412,2,1219.5917339466116,1,0,147,10.798,3.143,0.585,0.172,0.592,0.299,0.109
412,3,1205.259073104214,1,1,194,10.864,3.17,0.603,0.045,0.577,0.309,0.113
412,4,1480.4078928379045,1,1,190,11.263,3.211,0.568,-0.027,0.574,0.316,0.111
413,1,815.0860465541663,0,0,1971,11.51,3.011,0.555,0.093,0.906,0.061,0.033
413,2,1066.9991585959085,0,0,1935,11.429,2.998,0.556,0.073,0.908,0.057,0.035
413,3,1212.1625403455646,0,1,1923,11.448,2.981,0.554,0.052,0.905,0.058,0.036
413,4,1305.0129624919452,0,1,1963,11.407,2.97,0.56,0.035,0.902,0.061,0.037
414,1,887.0185691035422,1,0,267,11.545,2.978,0.502,-0.027,0.685,0.161,0.154
414,2,1148.0569402650074,1,0,263,11.477,3.004,0.49,-0.061,0.688,0.179,0.133
414,3,1271.4901202982257,1,1,255,11.45,3.063,0.494,-0.053,0.682,0.176,0.141
414,4,1273.0496480680333,1,1,239,11.551,3.079,0.502,-0.081,0.669,0.184,0.146
415,1,1015.3175173917966,0,0,774,11.642,3.027,0.579,0.21,0.656,0.22,0.124
415,2,1207.1605363066167,0,0,748,11.57,3.021,0.572,0.19,0.64,0.234,0.126
415,3,1208.514702564895,0,1,742,11.476,3.062,0.585,0.176,0.639,0.241,0.12
415,4,1653.5851210931746,0,1,738,11.541,3.069,0.58,0.127,0.648,0.228,0.125
416,1,1141.1576356372068,0,0,254,11.128,2.917,0.575,0.147,0.661,0.248,0.091
416,2,907.2681450725632,0,0,256,11.254,2.949,0.566,0.102,0.652,0.27,0.078
416,3,1176.0375985881506,0,1,252,11.379,2.929,0.571,0.053,0.635,0.286,0.079
416,4,1328.8808868859223,0,1,241,11.365,2.942,0.589,0.058,0.618,0.303,0.079
417,1,869.6453548692959,0,0,1058,11.472,3.032,0.518,0.037,0.651,0.224,0.125
417,2,946.8868467508694,0,0,1031,11.439,3.035,0.525,0.05,0.657,0.219,0.124
417,3,1084.100036647134,0,1,1069,11.402,3.043,0.522,0.002,0.653,0.224,0.123
417,4,1265.5617858243502,0,1,1036,11.469,3.032,0.514,-0.097,0.647,0.225,0.128
418,1,978.2879843832923,0,0,174,11.711,2.96,0.552,0.335,0.655,0.172,0.172
418,2,1080.0993428745508,0,0,213,11.795,2.906,0.535,0.266,0.657,0.183,0.16
418,3,1037.5125201129229,0,1,257,11.746,3.082,0.537,0.076,0.634,0.195,0.171
418,4,1114.0562945790298,0,1,281,11.748,3.139,0.523,-0,0.641,0.189,0.171
419,1,967.7854159093365,1,0,360,11.133,3.039,0.564,0.241,0.544,0.361,0.094
419,2,1163.2999794908808,1,0,378,11.151,3.093,0.558,0.234,0.542,0.357,0.101
419,3,1330.7996403923548,1,1,360,11.192,3.086,0.569,0.246,0.539,0.356,0.106
419,4,1481.686744588187,1,1,379,11.238,3.108,0.541,0.119,0.544,0.359,0.098
420,1,987.1356581591937,1,0,238,10.893,2.95,0.689,0.772,0.95,0.025,0.025
420,2,1376.584445599756,1,0,225,10.955,2.889,0.662,0.722,0.956,0.018,0.027
420,3,1658.8288738251317,1,1,223,10.869,2.924,0.641,0.608,0.955,0.022,0.022
420,4,1712.7442148851321,1,1,225,11.198,2.982,0.644,0.468,0.942,0.036,0.022
421,1,612.929958023122,0,0,266,12.232,2.947,0.432,-0.44,0.714,0.117,0.169
421,2,743.2757960774807,0,0,372,12.081,2.922,0.444,-0.336,0.739,0.11,0.151
421,3,922.1736224666535,0,1,375,12.242,2.84,0.448,-0.339,0.723,0.109,0.168
421,4,1237.3734546838787,0,1,356,12.333,2.874,0.461,-0.371,0.73,0.104,0.166
422,1,992.5762517937092,1,0,1802,11.033,3.02,0.603,0.366,0.624,0.222,0.154
422,2,1154.351553181461,1,0,1793,11.098,3.008,0.601,0.328,0.619,0.229,0.152
422,3,1229.954724224976,1,1,1771,11.185,3.025,0.592,0.279,0.612,0.23,0.158
422,4,1465.4177009779821,1,1,1716,11.269,3.019,0.586,0.23,0.611,0.228,0.161
423,1,911.0335587001462,0,0,353,11.457,2.915,0.572,0.362,0.643,0.227,0.13
423,2,1566.8533330403232,0,0,352,11.447,2.864,0.571,0.327,0.634,0.224,0.142
423,3,1344.8037891473912,0,1,372,11.528,2.836,0.573,0.261,0.64,0.21,0.151
423,4,1689.690638600373,0,1,394,11.41,2.883,0.574,0.167,0.627,0.211,0.162
424,1,693.1514770941695,1,0,200,10.941,3.09,0.58,0.095,0.7,0.17,0.13
424,2,1005.9406408266848,1,0,211,10.924,3.109,0.592,0.131,0.682,0.175,0.142
424,3,1196.7076942533795,1,1,206,11.059,3.01,0.573,0.102,0.675,0.189,0.136
424,4,1267.5699083495138,1,1,205,11.157,2.976,0.551,0.011,0.688,0.19,0.122
425,1,573.5405326868513,1,0,504,11.13,3.006,0.55,0.099,0.542,0.236,0.222
425,2,854.0418277935137,1,0,500,11.214,2.994,0.552,0.101,0.544,0.232,0.224
425,3,927.7999042818401,1,1,484,11.289,2.963,0.535,0.045,0.531,0.231,0.238
425,4,1085.5880096238889,1,1,483,11.333,2.93,0.522,-0.035,0.513,0.244,0.242
426,1,930.0850663805643,1,0,371,11.114,3.275,0.577,0.112,0.817,0.154,0.03
426,2,1313.7612397020737,1,0,351,11.125,3.282,0.581,0.117,0.843,0.131,0.026
426,3,1660.9789293282745,1,1,389,11.153,3.254,0.584,0.09,0.838,0.136,0.026
426,4,1443.3976202359302,1,1,481,11.294,3.152,0.565,0.034,0.838,0.139,0.023
427,1,978.9169703650465,0,0,243,11.329,3.062,0.506,-0.087,0.44,0.296,0.263
427,2,925.767810024752,0,0,232,11.298,3.03,0.496,-0.106,0.444,0.289,0.267
427,3,1176.3604202440724,0,1,242,11.167,2.979,0.492,-0.163,0.438,0.277,0.285
427,4,1163.0346283117321,0,1,248,11.444,3.012,0.464,-0.312,0.456,0.266,0.278
428,1,952.8856809074392,1,0,62,11.766,2.71,0.387,-0.274,0.823,0.113,0.065
428,2,654.2958769208843,1,0,67,12.088,2.746,0.403,-0.258,0.746,0.164,0.09
428,3,812.4913116916066,1,1,77,12.355,2.805,0.442,-0.201,0.753,0.169,0.078
428,4,1192.13460786939,1,1,112,12.795,2.786,0.491,-0.456,0.786,0.134,0.08
429,1,737.36419633548,0,0,393,11.268,3.025,0.532,0.078,0.766,0.186,0.048
429,2,887.9375267741583,0,0,384,11.271,3.029,0.536,0.058,0.753,0.203,0.044
429,3,1154.2013581159242,0,1,375,11.406,2.968,0.531,0.035,0.749,0.208,0.043
429,4,1402.8646281078888,0,1,407,11.602,2.99,0.531,-0.068,0.749,0.204,0.047
430,1,801.2580230783238,1,0,503,12.012,3.04,0.445,-0.407,0.771,0.121,0.107
430,2,786.3628841537005,1,0,496,12.005,3.062,0.442,-0.416,0.776,0.121,0.103
430,3,1073.7359445987413,1,1,530,12.127,2.998,0.451,-0.437,0.766,0.132,0.102
430,4,1070.6845484240046,1,1,514,12.153,2.992,0.469,-0.429,0.763,0.134,0.103
431,1,787.614068041707,1,0,181,11.145,2.878,0.558,0.191,0.641,0.271,0.088
431,2,1097.13169214629,1,0,173,11.252,2.861,0.561,0.169,0.636,0.272,0.092
431,3,1265.2562303005695,1,1,164,11.139,2.762,0.573,0.139,0.646,0.274,0.079
431,4,1262.7670341983192,1,1,256,11.432,2.863,0.531,-0.047,0.664,0.27,0.066
432,1,786.4968917858486,0,0,192,11.146,2.984,0.562,0.21,0.568,0.25,0.182
432,2,1073.9774726727137,0,0,206,11.044,3.029,0.568,0.206,0.539,0.267,0.194
432,3,1081.3866071543366,0,1,203,11.092,3.123,0.557,0.172,0.532,0.271,0.197
432,4,1349.4644053943398,0,1,227,11.195,2.969,0.524,-0.034,0.537,0.291,0.172
433,1,696.2479985256347,1,0,300,11.602,3.05,0.503,-0.057,0.71,0.257,0.033
433,2,1083.08146877479,1,0,311,11.403,3.035,0.511,-0.004,0.714,0.257,0.029
433,3,1164.302822895511,1,1,322,11.559,3.102,0.491,-0.152,0.708,0.258,0.034
433,4,1220.7199799843802,1,1,326,11.468,3.113,0.521,-0.12,0.712,0.252,0.037
434,1,917.081674088658,1,0,2720,11.351,3.077,0.549,0.089,0.492,0.358,0.15
434,2,1130.3868506528222,1,0,2664,11.356,3.07,0.551,0.091,0.484,0.369,0.147
434,3,1115.58080369952,1,1,2656,11.383,3.042,0.544,0.072,0.485,0.37,0.146
434,4,1402.3493746590837,1,1,2538,11.389,3.046,0.549,0.061,0.483,0.366,0.151
435,1,729.3013415562428,0,0,242,11.553,3.066,0.525,0.049,0.868,0.062,0.07
435,2,910.6915726587015,0,0,328,11.909,3.006,0.494,-0.116,0.872,0.058,0.07
435,3,924.379614196665,0,1,332,11.725,2.994,0.509,-0.128,0.864,0.066,0.069
435,4,1415.212681013624,0,1,329,11.747,2.976,0.508,-0.13,0.863,0.064,0.073
436,1,611.8287370679603,0,0,243,10.631,2.959,0.527,0.048,0.453,0.506,0.041
436,2,829.3731070978324,0,0,229,10.56,2.996,0.528,0.098,0.454,0.502,0.044
436,3,1237.5430946398105,0,1,220,10.604,2.982,0.527,0.103,0.445,0.509,0.045
436,4,1372.4255027064287,0,1,214,10.65,2.916,0.519,0.063,0.449,0.5,0.051
437,1,816.9165181870858,1,0,548,11.503,2.976,0.557,0.167,0.675,0.296,0.029
437,2,1131.8579554696375,1,0,582,11.695,2.959,0.54,-0.016,0.658,0.304,0.038
437,3,1423.095956512458,1,1,568,11.587,2.894,0.533,-0.028,0.665,0.294,0.04
437,4,1501.768867732002,1,1,568,11.71,2.889,0.533,-0.063,0.678,0.285,0.037
438,1,1030.373113409018,0,0,347,10.694,2.997,0.588,0.388,0.683,0.19,0.127
438,2,1088.8644683201185,0,0,357,10.894,3.048,0.577,0.303,0.675,0.193,0.132
438,3,1276.3961998889943,0,1,359,10.877,3.089,0.579,0.24,0.68,0.192,0.128
438,4,1299.8865804542534,0,1,327,10.902,3.107,0.575,0.229,0.691,0.18,0.128
439,1,940.347086619376,1,0,353,11.791,2.966,0.547,-0.135,0.572,0.19,0.238
439,2,1094.5543641503652,1,0,354,11.85,2.972,0.545,-0.186,0.582,0.184,0.234
439,3,1093.3479174094298,1,1,389,12.061,3.026,0.509,-0.292,0.599,0.159,0.242
439,4,1320.9895457127266,1,1,388,12.229,3.028,0.503,-0.348,0.608,0.155,0.237
440,1,944.0126026755588,0,0,325,11.241,2.978,0.538,0.072,0.575,0.2,0.225
440,2,1143.688178321052,0,0,303,11.031,2.937,0.545,0.121,0.581,0.198,0.221
440,3,1214.6174163859125,0,1,290,11.195,2.917,0.514,0.066,0.579,0.2,0.221
440,4,1429.3087798881188,0,1,372,11.408,2.941,0.511,-0.115,0.546,0.234,0.22
441,1,1129.5325161396208,1,0,236,11.418,3.11,0.496,-0.16,0.78,0.144,0.076
441,2,857.879522752587,1,0,243,11.228,3.086,0.502,-0.153,0.798,0.136,0.066
441,3,1118.5189458507064,1,1,248,11.368,3.129,0.516,-0.178,0.794,0.133,0.073
441,4,1342.216801582765,1,1,241,11.221,2.988,0.531,-0.18,0.797,0.133,0.071
442,1,988.6013031417468,0,0,206,12.449,2.947,0.481,-0.18,0.398,0.282,0.32
442,2,838.2944035143083,0,0,191,12.449,2.89,0.471,-0.189,0.387,0.272,0.34
442,3,1049.7222244504428,0,1,193,12.566,2.912,0.482,-0.237,0.373,0.285,0.342
442,4,1297.248592497224,0,1,191,12.349,2.942,0.492,-0.242,0.372,0.298,0.33
443,1,744.6535963267734,0,0,756,11.968,3.037,0.45,-0.374,0.82,0.093,0.087
443,2,782.2348818757233,0,0,733,11.959,3.087,0.461,-0.361,0.812,0.1,0.089
443,3,1052.3586294137751,0,1,723,12.031,3.064,0.462,-0.34,0.817,0.1,0.083
443,4,1017.1424238352104,0,1,675,12.173,3.028,0.467,-0.405,0.821,0.096,0.083
444,1,826.6157111952105,1,0,1371,11.298,3.007,0.546,0.165,0.671,0.285,0.044
444,2,1132.2591041504202,1,0,1380,11.284,3.023,0.547,0.149,0.667,0.287,0.046
444,3,1267.960272972944,1,1,1312,11.243,3.011,0.549,0.151,0.662,0.293,0.046
444,4,1296.6142128591653,1,1,1279,11.343,2.98,0.542,0.093,0.674,0.281,0.045
445,1,794.6505231198678,0,0,698,11.345,2.966,0.562,0.086,0.744,0.208,0.049
445,2,1070.7159458129656,0,0,682,11.388,3.009,0.559,0.056,0.74,0.213,0.047
445,3,1264.072102228946,0,1,692,11.368,3,0.546,-0.017,0.743,0.21,0.048
445,4,1323.2762169936423,0,1,670,11.368,3.043,0.525,-0.009,0.739,0.212,0.049
446,1,914.3321685782028,0,0,332,11.143,2.84,0.572,0.222,0.687,0.19,0.123
446,2,1193.385978943888,0,0,313,11.197,2.799,0.578,0.191,0.684,0.192,0.125
446,3,1357.2241246962542,0,1,307,11.398,2.798,0.573,0.171,0.684,0.199,0.117
446,4,1470.7720598320711,0,1,292,11.223,2.784,0.568,0.146,0.692,0.209,0.099
447,1,709.5865577250621,0,0,278,11.588,2.957,0.525,0.13,0.752,0.137,0.112
447,2,1045.6761664542755,0,0,283,11.519,2.968,0.502,0.062,0.753,0.141,0.106
447,3,1165.5052752430502,0,1,272,11.647,2.974,0.511,0.016,0.761,0.14,0.099
447,4,1217.0199249893071,0,1,325,11.667,2.972,0.508,-0.051,0.732,0.157,0.111
448,1,1070.2422636550227,1,0,504,11.328,3.034,0.544,0.165,0.714,0.222,0.063
448,2,1150.3705682275236,1,0,491,11.277,2.986,0.544,0.141,0.711,0.226,0.063
448,3,1542.8942930230307,1,1,504,11.157,2.994,0.526,0.095,0.708,0.236,0.056
448,4,1622.830719024999,1,1,494,11.249,2.927,0.545,0.09,0.717,0.229,0.055
449,1,859.1725276168165,0,0,562,11.975,3.069,0.521,-0.138,0.58,0.361,0.059
449,2,882.2430219177692,0,0,557,11.909,3.138,0.499,-0.206,0.589,0.348,0.063
449,3,1231.4446902099146,0,1,505,11.83,3.149,0.497,-0.199,0.586,0.354,0.059
449,4,1338.5891842828473,0,1,518,11.78,3.181,0.481,-0.179,0.575,0.359,0.066
450,1,951.8791438598729,0,0,141,12.397,2.986,0.496,-0.366,0.752,0.113,0.135
450,2,754.7579881573461,0,0,168,12.251,3.107,0.536,-0.209,0.78,0.113,0.107
450,3,1129.528939934985,0,1,282,11.696,3.082,0.578,-0.054,0.773,0.135,0.092
450,4,1159.7282013218528,0,1,289,11.463,3.142,0.606,-0.059,0.765,0.135,0.1
451,1,903.3691701488324,0,0,718,11.723,3.033,0.529,0.017,0.792,0.177,0.031
451,2,1231.9463057104338,0,0,760,11.704,3.024,0.528,-0.04,0.788,0.182,0.03
451,3,1231.4632544845927,0,1,709,11.734,3.018,0.526,-0.063,0.784,0.188,0.028
451,4,1194.2955255582601,0,1,690,11.621,2.975,0.519,-0.099,0.775,0.194,0.03
452,1,766.6015473832302,1,0,223,11.128,2.915,0.538,0.04,0.812,0.157,0.031
452,2,964.7159897445418,1,0,290,11.064,3.045,0.541,0.057,0.772,0.179,0.048
452,3,1061.2412212480008,1,1,273,10.911,3.004,0.557,0.092,0.773,0.183,0.044
452,4,1150.6322868609222,1,1,286,11.04,3.112,0.556,0.003,0.769,0.178,0.052
453,1,1125.3297826166645,0,0,305,11.338,2.8,0.61,0.302,0.849,0.092,0.059
453,2,1259.978591942724,0,0,303,11.241,2.838,0.617,0.301,0.855,0.092,0.053
453,3,1552.0301647759243,0,1,305,11.186,2.879,0.63,0.296,0.839,0.102,0.059
453,4,1384.1321203538007,0,1,314,11.453,2.885,0.605,0.161,0.822,0.102,0.076
454,1,903.9865952971795,0,0,864,12.102,2.964,0.475,-0.301,0.475,0.433,0.093
454,2,858.3657452721367,0,0,853,12.096,2.974,0.476,-0.31,0.458,0.44,0.102
454,3,802.2285610338364,0,1,939,12.175,2.953,0.479,-0.344,0.455,0.444,0.101
454,4,1011.6843449029443,0,1,911,12.174,2.958,0.482,-0.346,0.454,0.446,0.1
455,1,1109.7076299413072,0,0,796,10.781,3.036,0.639,0.629,0.79,0.18,0.03
455,2,1412.4531409515544,0,0,769,10.852,3.042,0.636,0.588,0.789,0.181,0.03
455,3,1695.1362595694159,0,1,756,10.865,3.046,0.623,0.539,0.795,0.177,0.028
455,4,1656.2140589329426,0,1,755,10.932,3.029,0.608,0.415,0.797,0.175,0.028
456,1,607.3577817288384,0,0,151,11.305,2.702,0.497,-0.216,0.523,0.325,0.152
456,2,1014.7375125632325,0,0,139,11.366,2.734,0.518,-0.158,0.518,0.331,0.151
456,3,805.721294700758,0,1,147,11.669,2.741,0.483,-0.233,0.51,0.333,0.156
456,4,1117.944889658058,0,1,147,12.034,2.769,0.49,-0.209,0.49,0.354,0.156
457,1,835.9363835620437,1,0,952,11.307,2.945,0.568,0.294,0.628,0.183,0.189
457,2,1255.263843460183,1,0,936,11.412,2.952,0.567,0.26,0.635,0.179,0.186
457,3,1400.6896379527896,1,1,898,11.427,2.993,0.557,0.225,0.645,0.184,0.171
457,4,1458.56941311737,1,1,893,11.464,3.011,0.544,0.123,0.647,0.177,0.176
458,1,836.8922260146813,1,0,1462,11.011,2.958,0.594,0.313,0.618,0.21,0.172
458,2,1146.6048101065398,1,0,1444,10.995,2.961,0.586,0.288,0.618,0.211,0.171
458,3,1278.5695073826375,1,1,1429,11.059,2.973,0.577,0.233,0.62,0.211,0.169
458,4,1456.7125681130517,1,1,1366,11.128,2.958,0.565,0.174,0.622,0.212,0.166
459,1,954.3559243474443,1,0,345,10.918,2.832,0.58,0.098,0.745,0.2,0.055
459,2,1150.8957700858934,1,0,358,11.08,2.838,0.575,0.012,0.743,0.201,0.056
459,3,1177.0294280838143,1,1,363,10.953,2.931,0.59,0.057,0.749,0.196,0.055
459,4,1468.2958435395212,1,1,375,11.021,2.896,0.576,0.054,0.757,0.189,0.053
460,1,801.3652445122422,0,0,412,11.661,2.927,0.541,0.022,0.636,0.177,0.187
460,2,1017.8338091788964,0,0,447,11.638,2.906,0.515,-0.04,0.644,0.17,0.186
460,3,950.9907101998301,0,1,489,11.436,2.947,0.509,-0.089,0.658,0.168,0.174
460,4,1004.7454244177088,0,1,502,11.539,2.968,0.508,-0.143,0.647,0.167,0.185
461,1,1236.2067706490875,0,0,496,11.459,3.087,0.571,0.218,0.706,0.226,0.069
461,2,1085.9394082688832,0,0,507,11.517,3.11,0.572,0.173,0.71,0.221,0.069
461,3,1311.244889148249,0,1,499,11.58,3.094,0.553,0.153,0.699,0.228,0.072
461,4,1497.4670048186965,0,1,507,11.45,3.079,0.556,0.092,0.7,0.231,0.069
462,1,880.055241860366,0,0,274,11.245,3.033,0.478,-0.13,0.77,0.15,0.08
462,2,825.2479907951649,0,0,357,11.413,3.003,0.479,-0.218,0.801,0.132,0.067
462,3,1009.9019978862943,0,1,363,11.759,3.006,0.466,-0.367,0.799,0.132,0.069
462,4,1126.8018997273996,0,1,365,11.732,2.975,0.441,-0.396,0.789,0.151,0.06
463,1,798.3869531404339,1,0,224,11.153,3.027,0.545,0.215,0.621,0.259,0.121
463,2,1431.4859230500083,1,0,233,11.302,2.91,0.541,0.162,0.627,0.253,0.12
463,3,1184.0174083969566,1,1,254,11.365,2.898,0.531,0.051,0.618,0.264,0.118
463,4,1394.2446286209713,1,1,326,11.461,2.89,0.521,-0.134,0.623,0.261,0.117
464,1,779.6331224613307,0,0,1097,11.685,3.043,0.524,-0.043,0.808,0.105,0.088
464,2,827.6556428747969,0,0,1072,11.76,3.043,0.507,-0.061,0.803,0.105,0.091
464,3,955.8199342028964,0,1,1024,11.787,3.037,0.507,-0.123,0.813,0.104,0.082
464,4,1279.0535583957617,0,1,1057,11.767,3.038,0.505,-0.156,0.81,0.107,0.083
465,1,1050.4592849758365,1,0,324,11.228,3.071,0.568,0.249,0.633,0.25,0.117
465,2,1198.337593663556,1,0,315,11.216,3.029,0.565,0.264,0.629,0.251,0.121
465,3,1140.1466014822768,1,1,336,11.395,3.054,0.542,0.138,0.628,0.241,0.131
465,4,1515.7665159511962,1,1,331,11.312,3.079,0.544,0.131,0.619,0.239,0.142
466,1,658.8091279535804,0,0,864,12.238,2.949,0.425,-0.55,0.639,0.247,0.115
466,2,741.0517694301878,0,0,897,12.2,2.994,0.431,-0.536,0.638,0.246,0.116
466,3,863.6318058163142,0,1,896,12.156,2.963,0.423,-0.557,0.638,0.257,0.105
466,4,906.9902047633698,0,1,876,12.128,2.957,0.426,-0.56,0.64,0.256,0.104
467,1,786.0739988080783,0,0,919,11.734,3.014,0.515,-0.053,0.467,0.345,0.188
467,2,938.8398006249233,0,0,921,11.817,3.033,0.524,-0.056,0.455,0.341,0.204
467,3,1167.3295534826334,0,1,906,11.881,3.041,0.524,-0.052,0.447,0.344,0.209
467,4,1106.245284472417,0,1,913,11.982,3.014,0.505,-0.178,0.438,0.354,0.208
468,1,949.0130656907811,1,0,377,11.304,3.013,0.552,0.097,0.785,0.095,0.119
468,2,1153.9143071629032,1,0,380,11.399,3.1,0.542,0.042,0.784,0.103,0.113
468,3,1148.1653463367634,1,1,376,11.248,3.101,0.529,0.018,0.774,0.112,0.114
468,4,1486.0207010845902,1,1,360,11.208,3.053,0.539,-0.017,0.767,0.119,0.114
469,1,549.6551441505113,1,0,210,11.108,3.167,0.605,0.187,0.61,0.233,0.157
469,2,1019.4678558279405,1,0,292,11.062,3.12,0.589,0.092,0.606,0.25,0.144
469,3,1304.1614434651583,1,1,284,11.164,3.049,0.581,0.034,0.606,0.264,0.13
469,4,1177.1327048658718,1,1,353,11.308,3.045,0.555,-0.143,0.598,0.266,0.136
470,1,959.688131259916,0,0,141,10.508,2.915,0.681,0.567,0.532,0.376,0.092
470,2,1014.9372465904158,0,0,159,11.066,2.975,0.61,0.143,0.547,0.358,0.094
470,3,1049.5214214569016,0,1,169,11.279,2.959,0.58,-0.019,0.562,0.349,0.089
470,4,1251.9358563750568,0,1,196,11.09,2.944,0.531,-0.047,0.546,0.362,0.092
471,1,737.2667234522779,0,0,443,11.771,2.971,0.472,-0.389,0.887,0.061,0.052
471,2,804.6638114661783,0,0,437,11.801,2.865,0.487,-0.36,0.886,0.059,0.055
471,3,898.9752955178801,0,1,459,11.764,2.915,0.492,-0.295,0.885,0.057,0.059
471,4,1207.6484401648586,0,1,451,11.726,2.894,0.492,-0.301,0.885,0.062,0.053
472,1,829.9461278564145,0,0,160,11.245,2.888,0.531,0.03,0.65,0.231,0.119
472,2,867.0707433891929,0,0,166,11.53,2.861,0.554,-0.007,0.633,0.253,0.114
472,3,1166.9275701428885,0,1,169,11.341,2.923,0.55,-0.011,0.633,0.254,0.112
472,4,884.7228151416185,0,1,196,11.167,2.974,0.536,-0.008,0.622,0.27,0.107
473,1,840.6262454065285,0,0,314,11.501,3.118,0.49,-0.101,0.863,0.108,0.029
473,2,1020.231416065006,0,0,309,11.566,3.074,0.508,-0.102,0.861,0.11,0.029
473,3,1040.5910569484063,0,1,378,11.861,3.05,0.479,-0.335,0.86,0.116,0.024
473,4,1191.160392990025,0,1,367,11.63,3.079,0.51,-0.335,0.85,0.125,0.025
474,1,952.4636385060019,1,0,919,11.088,3.042,0.589,0.258,0.672,0.212,0.115
474,2,1125.8319475642006,1,0,899,11.088,3.043,0.571,0.252,0.667,0.217,0.116
474,3,1196.9001987326478,1,1,873,11.078,3.093,0.564,0.226,0.672,0.214,0.113
474,4,1390.2990337694796,1,1,879,11.033,3.078,0.569,0.213,0.678,0.216,0.106
475,1,1060.0554034028144,1,0,346,10.971,2.994,0.535,0.232,0.616,0.263,0.121
475,2,986.965200336693,1,0,330,11.042,2.948,0.512,0.196,0.609,0.27,0.121
475,3,1229.3806414475282,1,1,335,11.148,3.006,0.501,0.138,0.618,0.248,0.134
475,4,1642.4468943847098,1,1,319,11.123,2.987,0.527,0.148,0.646,0.232,0.122
476,1,669.4977824702428,0,0,1461,12.565,3.011,0.386,-0.828,0.708,0.244,0.048
476,2,611.7959932806317,0,0,1444,12.407,2.998,0.404,-0.711,0.714,0.24,0.046
476,3,685.827135264035,0,1,1440,12.258,3.047,0.42,-0.653,0.72,0.235,0.045
476,4,763.3410959917236,0,1,1430,12.274,3.065,0.413,-0.637,0.722,0.236,0.041
477,1,658.9019669325409,1,0,212,11.284,2.939,0.514,-0.037,0.792,0.146,0.061
477,2,896.8994924444794,1,0,260,11.272,3.123,0.504,-0.148,0.777,0.154,0.069
477,3,1220.6934576398255,1,1,259,11.453,3.077,0.525,-0.107,0.803,0.131,0.066
477,4,1117.7412416588063,1,1,250,11.53,3.168,0.516,-0.107,0.812,0.12,0.068
478,1,948.506747515041,0,0,1804,11.155,2.968,0.59,0.279,0.713,0.175,0.113
478,2,1136.8083404086542,0,0,1850,11.17,2.941,0.588,0.245,0.704,0.183,0.112
478,3,1245.464974973483,0,1,1809,11.208,2.94,0.58,0.209,0.712,0.181,0.107
478,4,1461.4452547514106,0,1,1722,11.235,2.954,0.58,0.186,0.712,0.179,0.109
479,1,891.8682245705285,1,0,230,11.458,2.987,0.587,0.385,0.591,0.17,0.239
479,2,1327.4943899784362,1,0,225,11.551,2.996,0.582,0.369,0.587,0.178,0.236
479,3,1469.3757683157562,1,1,236,11.337,3.051,0.576,0.32,0.576,0.174,0.25
479,4,1815.8798096219236,1,1,254,11.65,3.004,0.583,0.23,0.571,0.177,0.252
480,1,868.2657044492215,0,0,313,11.529,3.067,0.502,-0.012,0.757,0.169,0.073
480,2,1083.7914670197229,0,0,301,11.404,3.056,0.505,-0.01,0.754,0.173,0.073
480,3,1295.7439494619623,0,1,292,11.452,3.031,0.507,-0.049,0.757,0.168,0.075
480,4,1337.187244811027,0,1,268,11.304,2.966,0.515,-0.048,0.739,0.194,0.067
481,1,924.5822858429879,0,0,1802,11.344,2.987,0.538,0.175,0.548,0.335,0.117
481,2,1039.8477964333858,0,0,1809,11.358,3.012,0.538,0.158,0.552,0.33,0.118
481,3,1153.014313013909,0,1,1746,11.44,3.013,0.53,0.108,0.561,0.328,0.111
481,4,1242.3202206688304,0,1,1729,11.457,3.023,0.527,0.092,0.566,0.32,0.115
482,1,727.1664196706928,0,0,383,11.237,3.044,0.554,0.069,0.869,0.112,0.018
482,2,1028.183294239847,0,0,385,11.3,3.083,0.551,0.101,0.865,0.114,0.021
482,3,1102.9925828227888,0,1,412,11.263,3.015,0.553,0.058,0.871,0.107,0.022
482,4,1260.6665786218098,0,1,422,11.484,3.055,0.531,-0.025,0.865,0.109,0.026
483,1,893.0222807512482,0,0,346,10.853,2.931,0.59,0.135,0.757,0.217,0.026
483,2,1155.781618891075,0,0,333,10.734,2.934,0.598,0.177,0.754,0.216,0.03
483,3,1179.4814799114315,0,1,376,11.147,2.957,0.577,0.001,0.753,0.221,0.027
483,4,1089.4939554797404,0,1,373,11.118,3.003,0.571,-0.026,0.775,0.204,0.021
484,1,871.8917569672969,1,0,2718,11.322,3.019,0.583,0.245,0.731,0.18,0.09
484,2,1177.363643805044,1,0,2698,11.269,3.015,0.58,0.211,0.735,0.175,0.09
484,3,1254.186821131934,1,1,2492,11.315,3.025,0.587,0.205,0.74,0.172,0.088
484,4,1381.2314084157256,1,1,2616,11.351,3.036,0.581,0.138,0.736,0.18,0.084
485,1,857.3781917947769,0,0,891,12.322,3.062,0.446,-0.411,0.809,0.156,0.035
485,2,800.5333903242387,0,0,905,12.11,3.069,0.454,-0.371,0.803,0.161,0.035
485,3,770.4253763042677,0,1,869,12.059,3,0.451,-0.39,0.803,0.167,0.03
485,4,990.9435316573968,0,1,873,12.06,3.009,0.446,-0.433,0.802,0.168,0.03
486,1,887.2219666450691,1,0,1661,11.392,3.02,0.57,0.187,0.587,0.151,0.262
486,2,1107.7693185726673,1,0,1695,11.323,2.998,0.562,0.163,0.595,0.149,0.257
486,3,1254.4810589557403,1,1,1622,11.342,2.988,0.562,0.128,0.599,0.147,0.254
486,4,1363.0787368813153,1,1,1568,11.306,2.984,0.555,0.097,0.597,0.154,0.249
487,1,730.4724627232646,1,0,985,11.952,2.965,0.464,-0.339,0.711,0.192,0.097
487,2,890.2531066584372,1,0,965,11.954,2.939,0.467,-0.322,0.707,0.191,0.103
487,3,987.3095805429278,1,1,984,11.874,2.951,0.46,-0.308,0.7,0.192,0.108
487,4,1367.1672162281516,1,1,923,11.861,2.976,0.465,-0.291,0.717,0.181,0.102
488,1,550.9389069129911,1,0,327,12.83,2.905,0.349,-1.023,0.749,0.18,0.07
488,2,641.5660198212317,1,0,308,12.874,2.909,0.357,-1.005,0.763,0.172,0.065
488,3,716.5552970939351,1,1,325,12.794,2.963,0.394,-0.959,0.778,0.154,0.068
488,4,733.3999855128748,1,1,340,12.746,2.894,0.424,-0.858,0.788,0.153,0.059
489,1,825.3127517445034,1,0,121,11.51,3.025,0.446,-0.147,0.777,0.124,0.099
489,2,1064.6445070443428,1,0,127,11.373,2.984,0.457,-0.098,0.78,0.118,0.102
489,3,1542.355199186452,1,1,112,11.502,2.964,0.464,-0.079,0.768,0.125,0.107
489,4,1281.8927442432082,1,1,133,12.041,3,0.391,-0.267,0.759,0.135,0.105
490,1,776.9631667001468,1,0,477,10.998,3.176,0.52,0.034,0.553,0.296,0.151
490,2,1008.7291490765789,1,0,489,11.196,3.143,0.526,-0.041,0.56,0.286,0.153
490,3,1152.6161953077178,1,1,490,11.132,3.135,0.524,-0.055,0.559,0.292,0.149
490,4,1301.4546778766503,1,1,497,11.082,3.151,0.509,-0.124,0.573,0.28,0.147
491,1,786.4955689952075,0,0,467,10.912,2.966,0.606,0.405,0.839,0.092,0.069
491,2,1300.628064741949,0,0,444,11.041,2.989,0.599,0.4,0.829,0.097,0.074
491,3,1259.0979473355276,0,1,506,11.002,2.947,0.577,0.306,0.82,0.103,0.077
491,4,1311.673548810236,0,1,602,11.309,2.947,0.556,0.043,0.839,0.091,0.07
492,1,676.5682233425171,0,0,952,11.999,3.04,0.435,-0.424,0.799,0.143,0.058
492,2,782.5407173683284,0,0,1011,12.025,3.034,0.426,-0.474,0.8,0.143,0.056
492,3,1026.5390424962006,0,1,954,11.982,3.048,0.438,-0.446,0.801,0.142,0.058
492,4,956.4963412457324,0,1,922,11.841,3.007,0.452,-0.424,0.802,0.141,0.057
493,1,636.6485088981058,1,0,337,11.103,2.899,0.519,0.025,0.721,0.187,0.092
493,2,1130.2635240913871,1,0,344,11.154,2.895,0.52,0.011,0.724,0.166,0.11
493,3,990.2713283285609,1,1,317,11.264,2.896,0.517,-0.017,0.719,0.17,0.11
493,4,1604.1658239778073,1,1,324,11.16,2.938,0.519,-0.014,0.747,0.157,0.096
494,1,859.1103523805264,0,0,393,11.227,2.947,0.529,-0.021,0.753,0.135,0.112
494,2,920.2164452353463,0,0,378,11.142,2.947,0.529,-0.018,0.759,0.127,0.114
494,3,1069.591156194162,0,1,397,11.138,2.965,0.542,-0,0.756,0.136,0.108
494,4,1335.5871297187284,0,1,385,10.974,2.971,0.543,-0.01,0.764,0.143,0.094
495,1,729.2709545777418,0,0,676,11.513,2.969,0.519,-0.067,0.704,0.21,0.086
495,2,881.3940981135319,0,0,659,11.59,3.026,0.519,-0.05,0.706,0.206,0.088
495,3,1056.7205400470893,0,1,663,11.515,3.044,0.522,-0.063,0.709,0.201,0.09
495,4,1150.3928840880628,0,1,669,11.712,3.079,0.513,-0.116,0.71,0.206,0.084
496,1,625.9232080468308,0,0,204,12.13,2.779,0.446,-0.238,0.461,0.309,0.23
496,2,743.7893465208574,0,0,199,12.184,2.719,0.482,-0.205,0.442,0.307,0.251
496,3,906.4496566940567,0,1,202,12.222,2.723,0.5,-0.223,0.431,0.312,0.257
496,4,1011.2826215763708,0,1,211,12.084,2.744,0.517,-0.253,0.441,0.275,0.284
497,1,852.0714607245427,1,0,2720,11.359,3.001,0.532,0.077,0.681,0.158,0.161
497,2,1099.1430878771976,1,0,2708,11.298,3.008,0.539,0.071,0.682,0.157,0.16
497,3,1146.7177988056887,1,1,2870,11.333,3.043,0.539,0.027,0.667,0.162,0.171
497,4,1412.1033089125513,1,1,2790,11.394,3.024,0.529,-0.016,0.668,0.161,0.171
498,1,933.9134518372949,0,0,428,11.158,2.909,0.551,0.243,0.729,0.161,0.11
498,2,1020.328503339833,0,0,420,11.325,2.948,0.56,0.193,0.731,0.157,0.112
498,3,1294.6157639651517,0,1,416,11.388,2.945,0.55,0.188,0.716,0.149,0.135
498,4,1504.9201831990013,0,1,409,11.43,2.995,0.562,0.135,0.733,0.154,0.112
499,1,628.9688304220134,1,0,79,12.336,2.987,0.544,-0.135,0.886,0.063,0.051
499,2,1046.2920265903276,1,0,95,12.313,3.105,0.558,-0.226,0.853,0.074,0.074
499,3,1011.5695554406801,1,1,93,12.336,2.968,0.548,-0.155,0.828,0.108,0.065
499,4,987.7144198490296,1,1,99,12.286,2.99,0.586,-0.278,0.818,0.121,0.061
500,1,936.6759239791924,1,0,1971,10.989,3.002,0.589,0.35,0.589,0.208,0.203
500,2,1248.5822821268728,1,0,1943,10.97,2.996,0.587,0.344,0.593,0.204,0.202
500,3,1399.9096672211842,1,1,1919,11.049,3.002,0.579,0.287,0.595,0.208,0.197
500,4,1585.2912096044083,1,1,1958,11.251,3.032,0.557,0.117,0.595,0.207,0.198
