id.practice,year,Y,Z,post,n.patients,V1_avg,V2_avg,V3_avg,V4_avg,V5_A_avg,V5_B_avg,V5_C_avg
1,1,968.0079782323274,0,0,216,11.228,2.944,0.653,0.488,0.681,0.236,0.083
1,2,1276.774628546022,0,0,208,11.273,2.962,0.678,0.459,0.692,0.216,0.091
1,3,1253.8852788357615,0,1,223,11.349,2.991,0.659,0.298,0.686,0.215,0.099
1,4,1390.5326892402804,0,1,243,11.409,2.955,0.605,0.186,0.7,0.214,0.086
2,1,914.964977076557,0,0,425,11.129,2.986,0.598,0.538,0.824,0.146,0.031
2,2,1292.3090337406802,0,0,402,11.096,2.983,0.595,0.503,0.818,0.147,0.035
2,3,1314.7811247276852,0,1,440,11.187,2.945,0.566,0.31,0.82,0.139,0.041
2,4,1500.8371659383374,0,1,422,11.189,2.896,0.559,0.284,0.825,0.142,0.033
3,1,702.2278068837629,0,0,661,11.912,3.048,0.486,-0.317,0.894,0.085,0.021
3,2,931.4186834702443,0,0,663,11.837,3.045,0.49,-0.302,0.887,0.09,0.023
3,3,983.8173373927655,0,1,622,11.887,3.074,0.494,-0.254,0.889,0.09,0.021
3,4,1162.3922140384414,0,1,603,11.942,3.065,0.491,-0.338,0.891,0.088,0.022
4,1,589.3632319550163,1,0,1199,12.11,2.929,0.429,-0.493,0.78,0.192,0.028
4,2,776.6616089617593,1,0,1188,12.073,2.916,0.436,-0.445,0.789,0.18,0.031
4,3,929.3810833218175,1,1,1210,12.086,2.9,0.446,-0.427,0.777,0.193,0.031
4,4,925.0395714155582,1,1,1177,12.09,2.871,0.437,-0.465,0.775,0.193,0.032
5,1,1069.8998380256592,1,0,867,11.13,2.973,0.593,0.369,0.627,0.236,0.136
5,2,1146.474822411018,1,0,886,11.119,3.033,0.585,0.34,0.621,0.235,0.144
5,3,1353.7500735076924,1,1,879,11.071,3.036,0.593,0.342,0.622,0.239,0.139
5,4,1421.083573538714,1,1,862,11.17,2.945,0.57,0.262,0.625,0.237,0.138
6,1,816.3933224874943,0,0,294,11.453,2.997,0.554,-0.065,0.714,0.184,0.102
6,2,908.7702309955924,0,0,306,11.4,3.029,0.575,0.008,0.719,0.186,0.095
6,3,1121.7105934029364,0,1,290,11.614,2.959,0.559,-0.086,0.724,0.183,0.093
6,4,1259.5953938879688,0,1,284,11.467,2.937,0.57,-0.104,0.711,0.194,0.095
7,1,594.2366399477837,0,0,1013,11.965,3.02,0.471,-0.362,0.732,0.132,0.135
7,2,782.8363492450134,0,0,1057,12.072,3.039,0.462,-0.45,0.726,0.135,0.139
7,3,1010.2671524591051,0,1,1051,11.985,3.052,0.462,-0.378,0.732,0.133,0.135
7,4,981.3610999917694,0,1,989,11.948,3.056,0.468,-0.364,0.724,0.133,0.143
8,1,554.1445694245831,0,0,537,12.916,2.907,0.395,-0.735,0.749,0.186,0.065
8,2,664.4457565440381,0,0,535,12.635,2.875,0.406,-0.672,0.757,0.181,0.062
8,3,727.9157482787865,0,1,524,12.384,2.861,0.422,-0.629,0.752,0.185,0.063
8,4,857.0298543473638,0,1,518,12.214,2.726,0.429,-0.594,0.759,0.178,0.064
9,1,833.6624407354949,0,0,312,11.014,3.112,0.548,0.089,0.881,0.067,0.051
9,2,944.0678732077153,0,0,304,11.318,3.164,0.533,-0.002,0.882,0.076,0.043
9,3,1378.0895843125156,0,1,309,11.578,3.113,0.521,-0.041,0.88,0.078,0.042
9,4,1503.7716631778333,0,1,297,11.408,3.091,0.512,-0.074,0.865,0.088,0.047
10,1,845.3104137866197,0,0,526,10.78,3.023,0.561,0.24,0.73,0.209,0.061
10,2,992.4126844126598,0,0,553,10.88,2.993,0.542,0.216,0.725,0.215,0.06
10,3,1228.2913168972666,0,1,545,10.9,2.996,0.56,0.202,0.716,0.222,0.062
10,4,1328.3923551319824,0,1,523,11.007,2.973,0.549,0.17,0.725,0.216,0.059
11,1,927.5801993406853,0,0,614,11.079,2.987,0.63,0.373,0.721,0.153,0.125
11,2,1090.9056440106344,0,0,615,11.188,3,0.628,0.304,0.724,0.154,0.122
11,3,1366.3405872952721,0,1,600,11.134,3.03,0.622,0.246,0.715,0.153,0.132
11,4,1511.3361335998618,0,1,627,11.302,3.118,0.603,0.166,0.702,0.156,0.142
12,1,761.268477927562,0,0,823,11.298,2.985,0.555,0.279,0.798,0.117,0.085
12,2,1051.4084731560238,0,0,814,11.282,3.009,0.56,0.285,0.79,0.124,0.086
12,3,1258.1334853663604,0,1,800,11.342,3.002,0.555,0.218,0.791,0.125,0.084
12,4,1378.6921734177715,0,1,765,11.547,3.046,0.548,0.12,0.79,0.127,0.084
13,1,873.2178771822968,0,0,574,11.254,3.009,0.571,0.184,0.639,0.27,0.091
13,2,1289.6643930473094,0,0,606,11.374,2.959,0.559,0.183,0.64,0.267,0.092
13,3,1245.203679491511,0,1,591,11.489,2.934,0.557,0.154,0.643,0.264,0.093
13,4,1376.8459471883978,0,1,591,11.603,2.976,0.553,0.048,0.636,0.264,0.1
14,1,693.6270672575,0,0,562,11.842,3.023,0.486,-0.112,0.797,0.141,0.062
14,2,869.696350839841,0,0,539,11.832,3.043,0.484,-0.12,0.807,0.135,0.058
14,3,810.1297619615232,0,1,665,11.694,3.011,0.481,-0.226,0.797,0.14,0.063
14,4,1011.0873168246975,0,1,649,11.573,2.986,0.473,-0.247,0.797,0.143,0.06
15,1,750.2166194611016,0,0,525,11.083,3.05,0.615,0.271,0.777,0.143,0.08
15,2,1227.1290702593215,0,0,556,11.038,3.022,0.585,0.178,0.777,0.138,0.085
15,3,1254.6316588113916,0,1,532,11.083,3.039,0.6,0.182,0.774,0.145,0.081
15,4,1302.7206380622974,0,1,555,11.048,2.987,0.577,0.089,0.757,0.157,0.086
16,1,989.6689413927296,1,0,2720,11.121,2.985,0.582,0.31,0.801,0.154,0.046
16,2,1206.617642159414,1,0,2657,11.126,2.995,0.574,0.289,0.802,0.155,0.043
16,3,1387.936404046227,1,1,2719,11.159,2.998,0.568,0.247,0.802,0.154,0.043
16,4,1489.1610469335087,1,1,2572,11.196,3.001,0.563,0.209,0.798,0.156,0.046
17,1,954.3663108816754,0,0,735,11.223,3.033,0.561,0.23,0.859,0.08,0.061
17,2,1083.725962705259,0,0,741,11.389,3.042,0.548,0.188,0.864,0.084,0.053
17,3,1252.1538856265547,0,1,709,11.406,3.094,0.535,0.15,0.858,0.09,0.052
17,4,1355.4649033701187,0,1,703,11.46,3.041,0.533,0.051,0.851,0.092,0.057
18,1,918.408391047631,1,0,359,11.727,3.036,0.524,-0.176,0.708,0.251,0.042
18,2,1112.2255535709864,1,0,350,11.843,3.054,0.52,-0.169,0.714,0.243,0.043
18,3,1100.8906505908901,1,1,360,11.934,3.044,0.519,-0.211,0.697,0.267,0.036
18,4,1174.3799797105187,1,1,369,11.844,2.957,0.523,-0.212,0.707,0.247,0.046
19,1,900.1064560683316,0,0,161,11.28,2.845,0.528,0.203,0.913,0.05,0.037
19,2,1025.0424043905705,0,0,164,11.205,2.866,0.524,0.176,0.915,0.055,0.03
19,3,939.6076013423825,0,1,181,11.194,2.878,0.47,-0.079,0.89,0.077,0.033
19,4,1121.6576500338733,0,1,233,11.274,2.966,0.494,-0.158,0.91,0.056,0.034
20,1,900.9561344452153,1,0,983,11.383,3.031,0.547,0.103,0.645,0.204,0.151
20,2,1272.905973797912,1,0,965,11.401,3.076,0.547,0.088,0.645,0.198,0.158
20,3,1351.566644682558,1,1,944,11.552,3.107,0.537,-0.056,0.63,0.202,0.167
20,4,1379.3073848371619,1,1,908,11.51,3.097,0.546,-0.074,0.638,0.204,0.159
21,1,884.5203299152964,1,0,242,11.817,2.814,0.508,-0.085,0.599,0.269,0.132
21,2,925.6826806923413,1,0,287,12.092,2.721,0.46,-0.333,0.578,0.289,0.132
21,3,1040.7536014318869,1,1,289,12.065,2.73,0.443,-0.358,0.581,0.287,0.131
21,4,988.3603510998889,1,1,319,12.135,2.806,0.489,-0.351,0.58,0.282,0.138
22,1,870.2008436376547,0,0,3721,11.395,2.975,0.539,0.01,0.515,0.244,0.241
22,2,983.6226545976924,0,0,3649,11.387,3.001,0.539,0.006,0.522,0.239,0.239
22,3,1079.0462801457193,0,1,3557,11.448,2.99,0.535,-0.018,0.518,0.24,0.242
22,4,1383.8513839668626,0,1,3351,11.461,2.98,0.537,-0.022,0.519,0.236,0.244
23,1,898.6476485543726,1,0,260,11.432,2.977,0.615,0.247,0.692,0.154,0.154
23,2,1045.6531040733887,1,0,274,11.72,2.934,0.609,0.127,0.712,0.146,0.142
23,3,1451.5306776239256,1,1,269,11.757,2.978,0.58,0.062,0.688,0.175,0.138
23,4,1155.3179209270627,1,1,284,11.982,3.011,0.528,-0.112,0.704,0.173,0.123
24,1,685.8502596703029,1,0,3723,12.235,3.004,0.435,-0.522,0.483,0.415,0.102
24,2,828.2888810545473,1,0,3500,12.201,2.999,0.442,-0.487,0.477,0.418,0.104
24,3,868.6122434086564,1,1,3299,12.171,2.99,0.446,-0.471,0.482,0.416,0.102
24,4,935.5874664621363,1,1,3154,12.141,2.979,0.446,-0.482,0.486,0.413,0.101
25,1,770.7857217765682,1,0,894,11.721,3.011,0.498,-0.098,0.728,0.207,0.065
25,2,834.0199831789924,1,0,908,11.6,2.939,0.508,-0.075,0.73,0.207,0.063
25,3,1167.9272150181641,1,1,967,11.583,2.943,0.506,-0.081,0.728,0.208,0.064
25,4,1112.259402340498,1,1,1013,11.569,2.939,0.513,-0.112,0.715,0.214,0.071
26,1,895.1195654474578,0,0,1540,11.394,3.034,0.558,0.163,0.82,0.129,0.051
26,2,1069.5131307251647,0,0,1703,11.409,2.994,0.55,0.124,0.817,0.132,0.051
26,3,1157.118042971015,0,1,1720,11.504,2.983,0.555,0.103,0.827,0.123,0.05
26,4,1266.4894865726383,0,1,1660,11.48,2.972,0.552,0.073,0.829,0.12,0.051
27,1,909.3649057481443,0,0,1461,11.317,3.094,0.575,0.173,0.752,0.062,0.185
27,2,931.6188185980558,0,0,1507,11.311,3.106,0.564,0.137,0.749,0.062,0.189
27,3,1193.0962117355555,0,1,1470,11.372,3.071,0.559,0.102,0.753,0.065,0.182
27,4,1442.757618787653,0,1,1453,11.461,3.039,0.554,0,0.756,0.061,0.182
28,1,868.1233157308392,0,0,1142,11.689,2.991,0.544,0.084,0.618,0.217,0.165
28,2,1056.3520128153873,0,0,1168,11.664,3.025,0.543,0.078,0.616,0.221,0.163
28,3,1225.6304789693982,0,1,1139,11.526,2.977,0.547,0.083,0.613,0.224,0.163
28,4,1289.1480740811944,0,1,1109,11.591,2.935,0.546,0.055,0.608,0.225,0.167
29,1,898.580669933201,1,0,822,11.134,3.016,0.596,0.317,0.701,0.207,0.092
29,2,1213.6564659129322,1,0,994,11.363,3.029,0.562,0.113,0.697,0.211,0.092
29,3,1292.5886100067692,1,1,935,11.452,3.032,0.561,0.09,0.694,0.21,0.096
29,4,1463.5475335927129,1,1,914,11.558,2.975,0.551,0.061,0.702,0.206,0.092
30,1,618.2667479498939,0,0,305,12.262,3.138,0.469,-0.56,0.833,0.082,0.085
30,2,768.4563006714425,0,0,299,12.125,3.181,0.488,-0.518,0.829,0.087,0.084
30,3,777.0916000844177,0,1,361,12.186,3.155,0.507,-0.449,0.801,0.111,0.089
30,4,961.6624680363368,0,1,332,12.296,3.084,0.521,-0.443,0.81,0.108,0.081
31,1,618.4674658167994,1,0,322,12.587,2.916,0.441,-0.756,0.711,0.183,0.106
31,2,811.9739458251937,1,0,310,12.673,2.961,0.458,-0.713,0.729,0.174,0.097
31,3,929.2814621957285,1,1,290,12.674,2.983,0.469,-0.712,0.721,0.172,0.107
31,4,810.3132522906244,1,1,292,12.548,3.024,0.483,-0.656,0.726,0.164,0.11
32,1,771.5718467976193,0,0,820,11.47,2.918,0.583,0.201,0.683,0.255,0.062
32,2,930.2377337981936,0,0,833,11.649,2.94,0.579,0.139,0.683,0.258,0.059
32,3,1013.9582471088723,0,1,827,11.62,2.923,0.57,0.085,0.682,0.259,0.059
32,4,1123.9947296557657,0,1,841,11.688,2.961,0.56,0.013,0.684,0.254,0.062
33,1,926.7698491392823,0,0,266,11.768,3.011,0.568,0.091,0.647,0.188,0.165
33,2,960.88549567094,0,0,261,11.572,2.996,0.571,0.09,0.659,0.184,0.157
33,3,1088.6577410329799,0,1,267,11.49,3.056,0.562,0.032,0.667,0.184,0.15
33,4,1371.853677118169,0,1,268,11.251,3.011,0.545,-0.014,0.657,0.19,0.153
34,1,855.729939543573,1,0,576,11.724,3.064,0.507,-0.25,0.507,0.333,0.16
34,2,931.7943589280425,1,0,573,11.798,3.07,0.503,-0.227,0.499,0.351,0.15
34,3,1075.845373774302,1,1,539,11.833,3.078,0.503,-0.235,0.495,0.341,0.163
34,4,1211.6342233457096,1,1,546,11.805,3.06,0.507,-0.253,0.498,0.342,0.159
35,1,829.6065808249823,1,0,331,11.052,2.952,0.541,-0.029,0.761,0.118,0.121
35,2,1020.5806718967649,1,0,344,11.226,2.916,0.52,-0.021,0.756,0.125,0.119
35,3,1277.2198031543157,1,1,341,11.247,2.938,0.513,-0.038,0.751,0.12,0.129
35,4,1219.7542606213942,1,1,350,11.232,2.897,0.523,-0.044,0.743,0.126,0.131
36,1,1002.7679352353647,1,0,370,11.134,2.878,0.614,0.301,0.635,0.235,0.13
36,2,1013.8006779001477,1,0,391,11.331,2.946,0.598,0.248,0.647,0.225,0.128
36,3,1323.5151479523975,1,1,388,11.327,2.938,0.588,0.205,0.647,0.222,0.131
36,4,1489.250477110154,1,1,382,11.501,2.95,0.605,0.136,0.618,0.238,0.144
37,1,764.9713368413736,0,0,111,11.33,3.072,0.55,-0.05,0.55,0.279,0.171
37,2,1157.3723781787487,0,0,99,11.291,3.04,0.556,-0.031,0.545,0.293,0.162
37,3,1164.09978431714,0,1,94,10.944,3.117,0.543,0.065,0.553,0.298,0.149
37,4,1289.8032102211405,0,1,125,11.173,3.184,0.496,-0.19,0.552,0.304,0.144
38,1,691.0847939464135,1,0,540,11.743,2.978,0.502,-0.022,0.5,0.369,0.131
38,2,1154.2040892046555,1,0,535,11.793,2.993,0.499,-0.047,0.503,0.359,0.138
38,3,1098.2104532741807,1,1,523,11.788,2.962,0.489,-0.083,0.509,0.348,0.143
38,4,1435.0529855789337,1,1,516,11.73,2.99,0.506,-0.114,0.484,0.378,0.138
39,1,1346.6636891609762,0,0,159,11.439,2.962,0.535,0.006,0.484,0.252,0.264
39,2,920.3689847555486,0,0,174,11.556,2.989,0.517,-0.002,0.454,0.247,0.299
39,3,1138.0946215347687,0,1,214,12.246,2.986,0.463,-0.334,0.453,0.234,0.313
39,4,1174.421584582146,0,1,205,12.242,3.039,0.473,-0.328,0.449,0.254,0.298
40,1,847.3592829805203,1,0,984,11.483,2.952,0.535,-0.034,0.766,0.195,0.039
40,2,972.7610241542401,1,0,1005,11.498,2.936,0.534,-0.017,0.764,0.194,0.042
40,3,1264.7413662752533,1,1,995,11.592,2.963,0.52,-0.05,0.771,0.189,0.04
40,4,1542.561862324745,1,1,953,11.605,2.96,0.527,-0.05,0.778,0.186,0.037
41,1,866.81024074451,0,0,301,11.243,3.007,0.515,0.086,0.761,0.179,0.06
41,2,929.6608237196323,0,0,308,11.28,2.896,0.539,0.075,0.769,0.172,0.058
41,3,1148.9579492272694,0,1,294,11.255,2.881,0.541,0.071,0.769,0.177,0.054
41,4,1136.6452481861509,0,1,283,11.491,2.862,0.527,0.048,0.76,0.194,0.046
42,1,816.0633390013618,0,0,2283,11.315,2.94,0.563,0.168,0.858,0.081,0.061
42,2,1039.2302500162498,0,0,2312,11.318,2.939,0.567,0.173,0.857,0.078,0.065
42,3,1278.7195736254146,0,1,2250,11.384,2.936,0.563,0.127,0.857,0.077,0.066
42,4,1521.072136739163,0,1,2180,11.432,2.924,0.56,0.081,0.858,0.078,0.064
43,1,772.4792191631971,0,0,2283,11.805,3.009,0.514,-0.093,0.622,0.222,0.157
43,2,935.7372149160938,0,0,2238,11.795,3.017,0.509,-0.08,0.621,0.227,0.151
43,3,1025.210487956712,0,1,2149,11.833,3.023,0.506,-0.081,0.626,0.224,0.15
43,4,1231.0492886146499,0,1,2105,11.895,3.023,0.498,-0.13,0.629,0.217,0.155
44,1,1027.7898600582807,1,0,551,11.069,2.929,0.554,0.3,0.693,0.229,0.078
44,2,961.3645767307155,1,0,567,11.193,2.88,0.545,0.275,0.69,0.222,0.088
44,3,1504.176014855321,1,1,557,11.46,2.858,0.54,0.193,0.684,0.221,0.095
44,4,1491.0715596262055,1,1,559,11.49,2.887,0.524,0.103,0.687,0.218,0.095
45,1,745.4644153768112,1,0,443,11.344,2.995,0.567,0.293,0.761,0.172,0.068
45,2,1031.927114956168,1,0,452,11.331,2.934,0.562,0.257,0.761,0.177,0.062
45,3,1401.6227412004534,1,1,449,11.222,2.862,0.552,0.217,0.753,0.187,0.06
45,4,1491.7195718824457,1,1,440,11.229,2.85,0.536,0.118,0.757,0.184,0.059
46,1,607.9374634256885,0,0,154,12.124,3.136,0.545,-0.153,0.812,0.091,0.097
46,2,1124.6251048952963,0,0,157,12.011,3.204,0.535,-0.131,0.803,0.102,0.096
46,3,1236.0103062978615,0,1,161,11.829,3.242,0.54,-0.157,0.789,0.124,0.087
46,4,1184.306812033432,0,1,147,11.927,3.299,0.497,-0.238,0.803,0.109,0.088
47,1,1029.982983066729,1,0,445,12.318,3.133,0.445,-0.659,0.858,0.11,0.031
47,2,928.3130618305337,1,0,421,12.43,3.078,0.456,-0.638,0.865,0.107,0.029
47,3,941.9641490398893,1,1,399,12.318,3.15,0.454,-0.614,0.862,0.103,0.035
47,4,965.5134077396588,1,1,465,12.339,3.06,0.454,-0.582,0.852,0.112,0.037
48,1,752.8176063343418,0,0,250,11.316,2.984,0.536,0.18,0.636,0.244,0.12
48,2,938.7194920234869,0,0,250,11.304,2.996,0.548,0.164,0.628,0.24,0.132
48,3,1149.4765239121539,0,1,240,11.433,2.971,0.567,0.154,0.642,0.229,0.129
48,4,1551.4113661428032,0,1,255,11.34,2.988,0.569,0.143,0.639,0.231,0.129
49,1,968.356035135041,0,0,167,11.811,3.048,0.491,-0.184,0.76,0.186,0.054
49,2,974.464479598825,0,0,177,11.846,3.034,0.48,-0.162,0.751,0.186,0.062
49,3,836.2396330160195,0,1,213,12.126,2.977,0.484,-0.239,0.728,0.207,0.066
49,4,1050.288892502493,0,1,209,11.999,3.019,0.488,-0.242,0.742,0.201,0.057
50,1,746.2650714786439,1,0,248,12.149,2.931,0.452,-0.368,0.363,0.367,0.27
50,2,909.5605815210586,1,0,249,12.063,2.932,0.47,-0.308,0.369,0.386,0.245
50,3,1285.0072809670596,1,1,234,12.124,2.987,0.453,-0.276,0.363,0.393,0.244
50,4,1196.390188960254,1,1,222,12.045,3.05,0.455,-0.3,0.378,0.378,0.243
51,1,703.6231780240361,1,0,100,10.862,2.85,0.57,0.154,0.76,0.18,0.06
51,2,986.8943750234915,1,0,135,11.918,3.007,0.459,-0.469,0.756,0.178,0.067
51,3,1355.3700813100716,1,1,133,12.113,3.075,0.459,-0.429,0.759,0.18,0.06
51,4,963.0752082800699,1,1,178,12.14,3.022,0.466,-0.5,0.781,0.174,0.045
52,1,698.1390847431419,1,0,515,12.252,3.047,0.443,-0.595,0.899,0.058,0.043
52,2,793.6787268214956,1,0,495,12.206,3.16,0.459,-0.562,0.903,0.053,0.044
52,3,1228.4614924609368,1,1,497,12.216,3.147,0.467,-0.539,0.903,0.048,0.048
52,4,1114.356683242205,1,1,474,12.169,3.148,0.485,-0.517,0.899,0.046,0.055
53,1,907.6456703715597,1,0,167,11.612,3.216,0.497,0.069,0.461,0.461,0.078
53,2,1476.2397384458297,1,0,156,11.467,3.25,0.513,0.115,0.455,0.481,0.064
53,3,1182.8430601860111,1,1,163,11.249,3.27,0.485,-0.002,0.442,0.491,0.067
53,4,1322.3461809775893,1,1,168,11.111,3.173,0.476,-0.094,0.458,0.47,0.071
54,1,806.8995986859692,1,0,354,11.469,3.136,0.582,0.201,0.571,0.209,0.22
54,2,1135.1055435721282,1,0,347,11.529,3.159,0.576,0.141,0.565,0.222,0.213
54,3,1447.5740418451885,1,1,353,11.524,3.113,0.561,0.048,0.564,0.215,0.221
54,4,1344.7828693664167,1,1,339,11.63,3.071,0.546,-0.018,0.563,0.23,0.206
55,1,767.2076653498774,0,0,352,12.039,3.009,0.477,-0.101,0.764,0.156,0.08
55,2,912.5820345029844,0,0,346,11.967,2.994,0.48,-0.064,0.772,0.145,0.084
55,3,992.8348509930072,0,1,388,11.913,2.956,0.472,-0.067,0.768,0.165,0.067
55,4,1244.7271561930363,0,1,383,11.865,3.008,0.475,-0.084,0.773,0.159,0.068
56,1,836.3016586958904,0,0,1661,11.247,2.998,0.542,0.164,0.791,0.17,0.039
56,2,1046.5920653399444,0,0,1671,11.349,3.002,0.533,0.119,0.793,0.169,0.038
56,3,1247.397643456527,0,1,1644,11.366,3.005,0.53,0.083,0.787,0.175,0.038
56,4,1380.3667899495424,0,1,1654,11.39,3.002,0.54,0.086,0.785,0.178,0.037
57,1,709.9944613184576,0,0,359,11.161,2.947,0.607,0.314,0.744,0.17,0.086
57,2,1063.5056987501382,0,0,364,11.136,2.97,0.61,0.313,0.731,0.176,0.093
57,3,1120.115871923538,0,1,351,11.041,3.034,0.604,0.276,0.729,0.177,0.094
57,4,1206.673374580763,0,1,363,11.012,3.014,0.606,0.216,0.727,0.176,0.096
58,1,776.7092954590198,0,0,645,11.662,3.022,0.499,-0.177,0.377,0.428,0.195
58,2,1101.4412063493467,0,0,653,11.669,3.095,0.499,-0.172,0.378,0.417,0.205
58,3,1032.7164321605294,0,1,634,11.656,3.038,0.513,-0.135,0.383,0.409,0.208
58,4,1144.7875219159546,0,1,637,11.848,3.066,0.51,-0.212,0.386,0.411,0.203
59,1,800.4600348542737,0,0,232,11.383,2.849,0.547,0.226,0.741,0.194,0.065
59,2,1199.520263345267,0,0,227,11.526,2.841,0.542,0.183,0.749,0.185,0.066
59,3,1231.5035385861263,0,1,222,11.527,2.815,0.55,0.171,0.748,0.176,0.077
59,4,1166.4919282969263,0,1,235,11.754,2.902,0.523,0.063,0.745,0.166,0.089
60,1,1075.725926323282,0,0,281,10.249,3.014,0.651,0.707,0.598,0.302,0.1
60,2,1392.9452158788827,0,0,271,10.305,2.996,0.627,0.634,0.605,0.299,0.096
60,3,1612.9972487606055,0,1,282,10.255,2.972,0.603,0.593,0.599,0.309,0.092
60,4,1870.6272535394376,0,1,272,10.426,3.015,0.599,0.534,0.607,0.305,0.088
61,1,1078.459707971236,1,0,1200,11.052,2.928,0.599,0.312,0.703,0.196,0.102
61,2,1292.8344131955002,1,0,1191,11.008,2.936,0.605,0.314,0.704,0.192,0.103
61,3,1411.3036489197389,1,1,1204,11.23,2.944,0.591,0.232,0.709,0.184,0.107
61,4,1551.4902524539598,1,1,1175,11.138,2.917,0.596,0.207,0.71,0.189,0.101
62,1,883.7739762784893,1,0,1462,11.896,2.995,0.465,-0.293,0.923,0.039,0.038
62,2,939.910717014647,1,0,1421,11.842,3.016,0.468,-0.246,0.922,0.037,0.041
62,3,1148.95194102707,1,1,1457,11.74,3.013,0.476,-0.223,0.924,0.037,0.039
62,4,1275.5132440336379,1,1,1442,11.756,3.008,0.472,-0.231,0.921,0.038,0.041
63,1,897.7640308552217,0,0,1461,11.575,2.948,0.534,0.054,0.687,0.2,0.113
63,2,1025.8672075563227,0,0,1509,11.604,2.922,0.539,0.032,0.686,0.203,0.111
63,3,1133.1364108200146,0,1,1467,11.572,2.941,0.54,0.005,0.684,0.204,0.112
63,4,1136.089625949769,0,1,1500,11.528,2.95,0.532,-0.02,0.681,0.207,0.111
64,1,798.2451287572956,0,0,1463,11.547,2.962,0.536,0.094,0.679,0.198,0.123
64,2,1051.2473399617327,0,0,1445,11.518,2.982,0.546,0.119,0.683,0.194,0.122
64,3,1110.5871868638785,0,1,1418,11.465,2.998,0.551,0.114,0.686,0.192,0.122
64,4,1312.3727078735153,0,1,1385,11.64,2.97,0.527,0.038,0.695,0.188,0.116
65,1,789.9147390132107,1,0,140,11.2,3.071,0.557,-0.171,0.514,0.229,0.257
65,2,790.8461804367462,1,0,156,11.284,3.006,0.571,-0.147,0.487,0.205,0.308
65,3,1125.811386660823,1,1,162,11.284,3.006,0.549,-0.149,0.494,0.21,0.296
65,4,1373.9821666350122,1,1,158,11.526,3.076,0.525,-0.254,0.5,0.209,0.291
66,1,838.6770975651881,0,0,91,11.205,2.956,0.582,0.069,0.758,0.066,0.176
66,2,898.4344448520353,0,0,84,11.13,2.988,0.631,0.095,0.774,0.048,0.179
66,3,728.5153258665717,0,1,92,11.178,3.076,0.576,0.075,0.772,0.043,0.185
66,4,978.0963697783344,0,1,89,11.572,3.045,0.584,0.032,0.775,0.045,0.18
67,1,855.2221713330174,0,0,206,11.262,2.937,0.587,0.312,0.942,0.044,0.015
67,2,1001.3850707142846,0,0,203,11.263,2.951,0.562,0.286,0.936,0.049,0.015
67,3,1187.069064657821,0,1,205,11.192,2.995,0.561,0.24,0.937,0.049,0.015
67,4,1298.820827948277,0,1,214,11.144,3.061,0.561,0.162,0.935,0.047,0.019
68,1,788.9641034929114,1,0,1662,11.254,3.017,0.554,0.147,0.651,0.291,0.058
68,2,1146.0208241562852,1,0,1656,11.21,3.024,0.558,0.171,0.65,0.295,0.055
68,3,1314.4952261720077,1,1,1596,11.287,3.004,0.546,0.131,0.649,0.294,0.056
68,4,1589.014416908046,1,1,1518,11.32,3.025,0.544,0.101,0.646,0.297,0.057
69,1,850.2862401893702,0,0,1060,11.629,2.993,0.519,-0.08,0.778,0.187,0.035
69,2,811.7205308250399,0,0,1033,11.641,2.998,0.514,-0.076,0.779,0.189,0.032
69,3,1020.2398152537219,0,1,1016,11.61,2.997,0.514,-0.101,0.786,0.181,0.032
69,4,1052.6092592967836,0,1,1005,11.68,2.984,0.506,-0.137,0.779,0.186,0.035
70,1,769.7923134286117,0,0,2284,11.764,2.985,0.502,-0.155,0.908,0.047,0.045
70,2,861.7980590403998,0,0,2244,11.787,2.998,0.499,-0.185,0.908,0.048,0.044
70,3,1005.8868017457688,0,1,2273,11.678,2.991,0.503,-0.164,0.905,0.049,0.045
70,4,1105.2473916875242,0,1,2429,11.56,2.958,0.504,-0.185,0.907,0.047,0.046
71,1,725.2999361926359,1,0,285,12.026,2.986,0.446,-0.617,0.796,0.151,0.053
71,2,814.1779031026407,1,0,271,12.167,2.934,0.45,-0.563,0.808,0.14,0.052
71,3,795.0657848566638,1,1,250,12.026,3.032,0.44,-0.55,0.792,0.156,0.052
71,4,857.4068029931307,1,1,254,11.886,3.134,0.449,-0.574,0.795,0.146,0.059
72,1,985.1024440498228,0,0,1541,11.091,2.99,0.589,0.417,0.752,0.151,0.097
72,2,1108.4974300915808,0,0,1473,11.174,2.969,0.575,0.364,0.745,0.152,0.103
72,3,1150.6920170524268,0,1,1496,11.237,2.981,0.566,0.295,0.73,0.16,0.11
72,4,1379.53566393267,0,1,1459,11.348,3.004,0.559,0.203,0.742,0.151,0.108
73,1,1002.8590494219685,1,0,265,10.866,3.015,0.592,0.17,0.449,0.336,0.215
73,2,1311.4659845270996,1,0,261,10.852,3.057,0.594,0.176,0.444,0.341,0.215
73,3,1415.5270334112256,1,1,267,10.868,3.09,0.581,0.067,0.438,0.36,0.202
73,4,1288.1179021845444,1,1,279,11.133,3.097,0.581,-0.009,0.437,0.366,0.197
74,1,1008.6353742423476,0,0,186,10.652,2.833,0.608,0.251,0.742,0.108,0.151
74,2,1344.477616994364,0,0,172,10.583,2.814,0.634,0.284,0.715,0.122,0.163
74,3,1582.3925783762666,0,1,175,10.631,2.863,0.6,0.205,0.703,0.131,0.166
74,4,1613.3571550023178,0,1,172,10.813,2.89,0.581,0.136,0.709,0.122,0.169
75,1,743.5460476120106,0,0,332,11.093,2.702,0.533,0.032,0.753,0.19,0.057
75,2,854.3679954992673,0,0,343,11.126,2.764,0.513,-0.086,0.741,0.192,0.067
75,3,962.7006418720312,0,1,358,11.3,2.777,0.52,-0.066,0.749,0.187,0.064
75,4,1128.412371221944,0,1,358,11.424,2.76,0.511,-0.046,0.751,0.187,0.061
76,1,967.9595977552779,1,0,894,11.278,2.975,0.577,0.172,0.513,0.328,0.159
76,2,1114.2322921212258,1,0,895,11.392,3.007,0.566,0.117,0.509,0.332,0.159
76,3,1085.3275366076762,1,1,909,11.426,3.048,0.576,0.127,0.503,0.338,0.16
76,4,1267.4878954738706,1,1,913,11.577,3.073,0.57,0.064,0.497,0.342,0.161
77,1,827.3500497869171,1,0,161,10.795,2.907,0.54,0.197,0.714,0.23,0.056
77,2,1221.243861460557,1,0,172,11.069,2.965,0.547,0.06,0.703,0.227,0.07
77,3,1201.9398952426177,1,1,183,11.398,2.913,0.53,-0.076,0.694,0.235,0.071
77,4,1119.8236908956849,1,1,207,11.522,2.995,0.536,-0.165,0.676,0.227,0.097
78,1,881.6910962817597,0,0,799,10.826,2.907,0.617,0.436,0.814,0.115,0.071
78,2,1141.5845643465882,0,0,785,10.776,2.954,0.604,0.395,0.823,0.107,0.07
78,3,1341.3707499587401,0,1,769,10.91,2.983,0.586,0.303,0.823,0.108,0.069
78,4,1356.89202947525,0,1,811,10.881,2.978,0.58,0.216,0.819,0.11,0.072
79,1,777.3340505078002,1,0,226,11.465,2.978,0.575,0.176,0.77,0.119,0.111
79,2,1428.4913419192308,1,0,305,11.779,3.02,0.574,0.004,0.757,0.131,0.111
79,3,1307.4975824070389,1,1,297,11.768,2.953,0.579,0.024,0.771,0.128,0.101
79,4,1229.7501879985755,1,1,322,11.611,2.925,0.581,0.019,0.748,0.14,0.112
80,1,1064.3491660504524,1,0,643,11.591,3.124,0.521,0.068,0.656,0.137,0.207
80,2,1116.5212634598802,1,0,627,11.849,3.105,0.509,-0.047,0.67,0.126,0.204
80,3,1082.3370084712744,1,1,597,11.976,3.134,0.499,-0.058,0.665,0.126,0.209
80,4,1480.4582808710952,1,1,581,11.871,3.115,0.497,-0.058,0.652,0.133,0.215
81,1,957.7520374905092,1,0,88,10.921,2.784,0.489,0.252,0.648,0.227,0.125
81,2,1278.249593915069,1,0,109,11.296,2.872,0.523,0.175,0.661,0.229,0.11
81,3,1163.0103392384503,1,1,105,11.366,2.876,0.495,0.147,0.648,0.238,0.114
81,4,1435.2707762962798,1,1,103,11.338,2.767,0.505,0.125,0.67,0.204,0.126
82,1,1127.299640286364,0,0,200,11.752,3.05,0.475,-0.222,0.455,0.445,0.1
82,2,954.2179485269015,0,0,186,11.705,3.108,0.484,-0.166,0.435,0.452,0.113
82,3,1067.4774472474141,0,1,191,11.855,3.042,0.482,-0.197,0.461,0.445,0.094
82,4,1307.936026107909,0,1,194,11.65,3.129,0.49,-0.185,0.459,0.443,0.098
83,1,1208.205732140225,0,0,204,10.79,2.858,0.642,0.474,0.711,0.176,0.113
83,2,1267.6583135542428,0,0,229,11.033,2.869,0.603,0.291,0.725,0.162,0.114
83,3,1574.3310509258956,0,1,220,10.863,2.864,0.6,0.259,0.709,0.15,0.141
83,4,1436.7313029847846,0,1,254,11.026,2.803,0.583,0.039,0.697,0.169,0.134
84,1,873.5317781629913,1,0,775,11.225,2.938,0.583,0.208,0.694,0.133,0.173
84,2,1048.4368018643609,1,0,796,11.208,2.927,0.57,0.18,0.697,0.139,0.163
84,3,1401.119594718225,1,1,793,11.207,2.926,0.57,0.145,0.701,0.135,0.164
84,4,1557.992192821595,1,1,731,11.098,2.936,0.57,0.119,0.705,0.13,0.166
85,1,738.0387760813848,0,0,2282,11.7,3.035,0.485,-0.192,0.625,0.202,0.173
85,2,959.9084562419325,0,0,2211,11.664,3.047,0.484,-0.16,0.625,0.204,0.171
85,3,1028.0755167870445,0,1,2152,11.717,3.04,0.474,-0.202,0.63,0.199,0.171
85,4,1095.0088771697415,0,1,2148,11.829,3.05,0.473,-0.241,0.628,0.203,0.169
86,1,792.3649975445929,0,0,331,11.292,3.003,0.583,0.203,0.785,0.088,0.127
86,2,1012.4758513100136,0,0,322,11.361,3,0.581,0.196,0.789,0.081,0.13
86,3,1436.0397447973269,0,1,332,11.39,3.042,0.557,0.113,0.768,0.099,0.133
86,4,1302.7998905199709,0,1,321,11.371,2.956,0.542,0.029,0.782,0.097,0.121
87,1,787.4249591328455,0,0,383,11.217,2.916,0.535,0.109,0.721,0.238,0.042
87,2,939.6507409619342,0,0,498,11.27,2.944,0.508,-0.018,0.733,0.231,0.036
87,3,1135.3992547255043,0,1,479,11.419,2.935,0.503,-0.035,0.722,0.24,0.038
87,4,1120.5119554855044,0,1,481,11.454,2.936,0.501,-0.106,0.721,0.237,0.042
88,1,922.9770122179302,1,0,551,11.335,2.927,0.586,0.235,0.563,0.287,0.151
88,2,1210.6816746618076,1,0,553,11.358,2.94,0.579,0.199,0.571,0.289,0.139
88,3,1319.803399436317,1,1,618,11.622,2.916,0.542,0.098,0.573,0.283,0.144
88,4,1374.7750808493138,1,1,589,11.615,2.947,0.538,0.063,0.57,0.29,0.139
89,1,738.0694848451258,0,0,893,11.981,2.957,0.511,-0.225,0.761,0.125,0.113
89,2,990.7677113372454,0,0,883,12,2.98,0.511,-0.207,0.757,0.128,0.116
89,3,1100.4477467125837,0,1,893,11.935,2.973,0.497,-0.243,0.761,0.122,0.116
89,4,1065.5704172281373,0,1,887,11.967,2.985,0.503,-0.273,0.766,0.121,0.114
90,1,661.3975334703285,0,0,1462,12.313,3.014,0.453,-0.474,0.688,0.231,0.081
90,2,850.2325291980931,0,0,1425,12.251,3.048,0.469,-0.399,0.682,0.235,0.083
90,3,940.7250905882239,0,1,1411,12.18,3.016,0.472,-0.385,0.682,0.234,0.084
90,4,1050.2297676258718,0,1,1352,12.162,3.024,0.475,-0.408,0.682,0.238,0.08
91,1,979.6545487395028,1,0,504,11.399,2.972,0.542,-0.009,0.597,0.208,0.194
91,2,1063.890563144807,1,0,498,11.244,2.946,0.55,-0.01,0.6,0.207,0.193
91,3,1310.2075076099786,1,1,511,11.34,2.939,0.55,-0.075,0.601,0.207,0.192
91,4,1352.1335324099484,1,1,524,11.234,2.99,0.54,-0.098,0.603,0.21,0.187
92,1,774.4887113937828,0,0,188,11.583,3.08,0.473,-0.46,0.755,0.191,0.053
92,2,817.8947075869645,0,0,188,11.503,3.085,0.495,-0.437,0.761,0.181,0.059
92,3,755.5702800441996,0,1,187,11.847,3.064,0.487,-0.514,0.759,0.182,0.059
92,4,894.8047313916217,0,1,216,11.78,2.972,0.495,-0.607,0.787,0.167,0.046
93,1,824.8903642288645,1,0,158,11.5,2.937,0.557,0.414,0.823,0.101,0.076
93,2,1359.799439136274,1,0,170,11.38,2.982,0.565,0.37,0.824,0.088,0.088
93,3,1677.8840155465477,1,1,180,11.329,2.994,0.539,0.274,0.817,0.094,0.089
93,4,1497.6477782291017,1,1,162,11.48,2.944,0.543,0.265,0.827,0.086,0.086
94,1,711.8375532916133,0,0,275,12.021,3,0.556,-0.116,0.851,0.105,0.044
94,2,868.7274586486784,0,0,275,12.193,2.989,0.553,-0.213,0.844,0.109,0.047
94,3,960.9322528470165,0,1,261,12.376,3.019,0.563,-0.267,0.835,0.119,0.046
94,4,965.275943973944,0,1,249,12.335,3.052,0.546,-0.259,0.835,0.124,0.04
95,1,776.9709606396839,0,0,91,10.656,3.154,0.56,0.273,0.637,0.231,0.132
95,2,1334.212213284962,0,0,109,10.834,3.009,0.587,0.223,0.651,0.229,0.119
95,3,1053.6137401039628,0,1,112,11,3.08,0.58,0.175,0.679,0.223,0.098
95,4,1149.1127115060378,0,1,111,11.186,2.964,0.541,0.084,0.685,0.234,0.081
96,1,777.7717044361568,0,0,517,11.151,3.068,0.545,0.092,0.754,0.199,0.046
96,2,993.3558699428335,0,0,540,11.114,3.007,0.531,0.098,0.752,0.189,0.059
96,3,1159.6454533960948,0,1,521,11.113,2.988,0.539,0.079,0.749,0.194,0.058
96,4,1278.6528473447063,0,1,517,11.216,2.992,0.553,0.048,0.754,0.195,0.05
97,1,764.1618962460711,0,0,1098,11.626,3.054,0.488,-0.099,0.761,0.099,0.139
97,2,875.8506185368599,0,0,1055,11.612,3.047,0.494,-0.092,0.758,0.108,0.134
97,3,934.1602977209183,0,1,1032,11.709,3.032,0.491,-0.156,0.752,0.11,0.138
97,4,1031.8908344652762,0,1,1001,11.664,3.043,0.496,-0.156,0.752,0.112,0.136
98,1,713.5475033736408,0,0,285,12.006,3.077,0.474,-0.356,0.804,0.151,0.046
98,2,724.7984461542957,0,0,310,11.898,3.094,0.474,-0.288,0.781,0.168,0.052
98,3,880.7752653928458,0,1,289,11.665,3.069,0.481,-0.298,0.772,0.173,0.055
98,4,1038.8086518334703,0,1,312,11.397,3.074,0.49,-0.255,0.779,0.179,0.042
99,1,692.3776840096399,0,0,506,11.511,2.947,0.486,-0.25,0.899,0.061,0.04
99,2,788.3440270007433,0,0,520,11.471,2.931,0.46,-0.233,0.892,0.063,0.044
99,3,988.4277160244329,0,1,583,11.53,2.961,0.47,-0.278,0.895,0.06,0.045
99,4,1089.9148144427438,0,1,559,11.618,2.871,0.458,-0.342,0.896,0.055,0.048
100,1,981.3699268749164,1,0,985,11.064,3.017,0.582,0.294,0.524,0.395,0.081
100,2,1137.2711387528861,1,0,1131,11.199,2.996,0.56,0.152,0.515,0.407,0.078
100,3,1339.4723898291656,1,1,1138,11.185,2.984,0.562,0.147,0.516,0.412,0.072
100,4,1507.5738624501655,1,1,1130,11.194,2.946,0.55,0.1,0.52,0.408,0.072
101,1,1067.754345212671,0,0,496,10.721,3.069,0.617,0.34,0.77,0.167,0.062
101,2,1182.6360436265895,0,0,509,11.049,3.031,0.585,0.197,0.776,0.169,0.055
101,3,1518.3512470783644,0,1,484,11.124,2.998,0.585,0.164,0.771,0.171,0.058
101,4,1664.0780536672855,0,1,459,11.226,3.041,0.614,0.163,0.763,0.181,0.057
102,1,714.1813986986322,0,0,187,10.755,2.888,0.561,0.181,0.535,0.294,0.171
102,2,820.5624754995841,0,0,196,10.93,2.842,0.551,0.107,0.536,0.291,0.173
102,3,1158.6112313816323,0,1,203,10.817,2.837,0.547,0.097,0.527,0.3,0.172
102,4,1318.5451093623751,0,1,198,11.098,2.808,0.525,0.039,0.556,0.273,0.172
103,1,845.9965478268801,1,0,513,12.209,3.088,0.431,-0.517,0.579,0.329,0.092
103,2,731.5035965759149,1,0,487,12.156,3.092,0.433,-0.476,0.593,0.316,0.09
103,3,1057.3807541635506,1,1,500,12.235,3.03,0.438,-0.48,0.588,0.316,0.096
103,4,1094.5835369563988,1,1,535,12.168,3.002,0.441,-0.484,0.583,0.32,0.097
104,1,1010.2396006620329,0,0,982,10.575,3.017,0.604,0.506,0.761,0.108,0.131
104,2,1291.3643447591298,0,0,963,10.688,3.031,0.598,0.44,0.764,0.105,0.131
104,3,1388.8603064800404,0,1,914,10.786,3.034,0.58,0.331,0.764,0.111,0.126
104,4,1534.7884026143126,0,1,909,10.897,3.032,0.568,0.26,0.754,0.116,0.131
105,1,708.6450737261011,0,0,550,11.659,2.991,0.564,0.129,0.631,0.249,0.12
105,2,1028.412387669934,0,0,546,11.636,2.949,0.557,0.105,0.634,0.251,0.115
105,3,1085.208173640421,0,1,620,11.654,2.948,0.545,0.021,0.648,0.239,0.113
105,4,1316.7583530729564,0,1,613,11.727,2.979,0.529,-0.049,0.646,0.248,0.106
106,1,924.1017081388054,0,0,798,11.222,2.888,0.539,0.174,0.736,0.227,0.038
106,2,1157.6304868829016,0,0,790,11.147,2.88,0.537,0.17,0.747,0.213,0.041
106,3,1290.606725931114,0,1,751,11.151,2.916,0.539,0.167,0.75,0.212,0.039
106,4,1375.7547959364351,0,1,744,11.222,2.93,0.531,0.078,0.746,0.215,0.039
107,1,655.6940297200222,1,0,191,11.773,2.859,0.461,-0.029,0.733,0.215,0.052
107,2,865.3386409122693,1,0,220,11.848,2.859,0.482,-0.043,0.745,0.2,0.055
107,3,1088.203270163075,1,1,215,12.084,2.753,0.474,-0.095,0.749,0.191,0.06
107,4,1552.7488891467576,1,1,213,12.183,2.836,0.479,-0.1,0.746,0.188,0.066
108,1,1013.2303693259378,1,0,629,11.032,3.1,0.595,0.272,0.447,0.367,0.186
108,2,1194.102078065041,1,0,633,11.135,3.087,0.585,0.223,0.447,0.373,0.18
108,3,1428.1080568857167,1,1,635,11.11,3.036,0.583,0.157,0.446,0.373,0.181
108,4,1598.8748696488292,1,1,634,11.219,3.044,0.571,0.125,0.457,0.371,0.172
109,1,970.2656944727304,0,0,231,11.052,2.991,0.584,0.373,0.628,0.199,0.173
109,2,883.1177685461068,0,0,230,10.979,3.013,0.565,0.326,0.635,0.2,0.165
109,3,1164.2582109907364,0,1,309,11.377,2.968,0.544,0.059,0.631,0.207,0.162
109,4,1372.4677517744522,0,1,310,11.367,3.019,0.532,-0.016,0.623,0.223,0.155
110,1,846.3872241821011,0,0,456,11.406,3.011,0.531,-0.037,0.684,0.186,0.129
110,2,1039.9791199843417,0,0,440,11.314,3.027,0.545,-0.015,0.691,0.177,0.132
110,3,1103.2158302943667,0,1,482,11.14,3.058,0.56,-0.049,0.691,0.16,0.149
110,4,1304.190842636282,0,1,453,11.122,3.033,0.57,-0.06,0.7,0.155,0.146
111,1,937.2775002690809,1,0,237,11.593,2.945,0.464,-0.358,0.709,0.127,0.165
111,2,815.3493890894664,1,0,274,11.744,2.996,0.474,-0.295,0.693,0.146,0.161
111,3,1097.49484552186,1,1,250,11.859,3.02,0.484,-0.313,0.696,0.144,0.16
111,4,1120.421256178863,1,1,243,11.951,3.012,0.453,-0.399,0.712,0.144,0.144
112,1,996.1439137095329,1,0,103,11.182,3.146,0.515,0.141,0.641,0.262,0.097
112,2,1350.4156859429502,1,0,103,11.35,3.184,0.524,0.12,0.641,0.262,0.097
112,3,1279.4019475863681,1,1,96,11.113,3.146,0.51,0.074,0.615,0.271,0.115
112,4,1366.1606584679487,1,1,115,11.123,3.026,0.478,-0.019,0.67,0.235,0.096
113,1,822.5375992872096,0,0,312,11.05,2.949,0.574,0.3,0.862,0.09,0.048
113,2,932.185535250882,0,0,295,11.228,2.976,0.566,0.27,0.854,0.095,0.051
113,3,918.4210703598973,0,1,380,11.764,2.989,0.524,-0.042,0.858,0.095,0.047
113,4,1237.0663821202302,0,1,362,11.585,2.994,0.519,-0.02,0.865,0.083,0.052
114,1,791.3413710451897,1,0,354,11.863,3.034,0.506,-0.322,0.446,0.452,0.102
114,2,994.9246479048344,1,0,369,11.956,2.986,0.496,-0.373,0.425,0.482,0.092
114,3,1131.7486796702924,1,1,372,12.239,3.003,0.492,-0.383,0.419,0.476,0.105
114,4,1271.9575652887743,1,1,396,12.208,3.015,0.51,-0.361,0.432,0.472,0.096
115,1,948.07725377502,1,0,1311,11.548,2.952,0.549,0.032,0.87,0.103,0.027
115,2,1261.7164223844727,1,0,1260,11.615,2.949,0.548,0.022,0.868,0.104,0.028
115,3,1324.1576090978801,1,1,1199,11.653,2.958,0.534,0.016,0.878,0.094,0.028
115,4,1328.5329525646175,1,1,1296,11.52,2.937,0.535,-0.043,0.88,0.093,0.027
116,1,751.6530542158551,0,0,1372,11.977,3.023,0.458,-0.412,0.673,0.257,0.071
116,2,897.8982451053108,0,0,1330,11.878,3.021,0.462,-0.375,0.668,0.259,0.074
116,3,945.9291179002507,0,1,1335,11.822,2.956,0.469,-0.353,0.675,0.248,0.077
116,4,1061.361597464205,0,1,1284,11.953,2.953,0.463,-0.403,0.681,0.245,0.075
117,1,860.1690013929788,0,0,253,10.946,3.217,0.581,0.253,0.577,0.186,0.237
117,2,1499.7777587166067,0,0,253,10.944,3.273,0.569,0.213,0.577,0.182,0.241
117,3,1653.6072582646327,0,1,253,10.911,3.206,0.561,0.187,0.569,0.182,0.249
117,4,1575.7807617287403,0,1,263,10.89,3.141,0.559,0.157,0.567,0.179,0.255
118,1,696.4433270866031,0,0,256,11.682,3.008,0.523,-0.049,0.812,0.156,0.031
118,2,801.5676347585359,0,0,271,11.81,3.066,0.524,-0.041,0.797,0.173,0.03
118,3,1018.0843805017766,0,1,261,11.728,3.092,0.544,-0.036,0.793,0.176,0.031
118,4,1247.883451775144,0,1,270,11.8,3.059,0.53,-0.108,0.785,0.178,0.037
119,1,665.4346218406362,0,0,195,11.757,3.005,0.518,-0.243,0.605,0.318,0.077
119,2,665.7641331657189,0,0,201,11.504,2.955,0.522,-0.205,0.612,0.308,0.08
119,3,838.8852746358455,0,1,218,11.364,3.005,0.532,-0.227,0.606,0.307,0.087
119,4,1237.1530552001889,0,1,221,11.441,3.068,0.507,-0.248,0.606,0.317,0.077
120,1,679.348807085853,0,0,167,10.753,3.078,0.539,0.159,0.802,0.09,0.108
120,2,1399.4263054091484,0,0,200,11.033,3.05,0.54,0.064,0.795,0.095,0.11
120,3,977.4191816238107,0,1,204,11.028,3.02,0.529,-0.086,0.779,0.108,0.113
120,4,1316.19994081944,0,1,204,11.182,2.946,0.52,-0.16,0.799,0.098,0.103
121,1,715.5824180650053,0,0,324,11.709,2.877,0.5,-0.171,0.907,0.056,0.037
121,2,789.2281450864026,0,0,328,11.584,2.89,0.506,-0.177,0.89,0.058,0.052
121,3,932.9992261951709,0,1,338,11.443,2.926,0.509,-0.143,0.885,0.062,0.053
121,4,1192.1049097038608,0,1,323,11.4,2.885,0.526,-0.142,0.885,0.068,0.046
122,1,796.9545283450607,0,0,1370,11.485,2.977,0.534,0.102,0.607,0.307,0.086
122,2,1021.6837245717896,0,0,1298,11.476,2.966,0.537,0.105,0.605,0.314,0.081
122,3,1173.76465286851,0,1,1305,11.586,2.965,0.521,-0.011,0.606,0.31,0.084
122,4,1307.8187200156435,0,1,1285,11.654,2.979,0.525,-0.042,0.602,0.311,0.088
123,1,493.7127150024854,0,0,76,10.945,3.066,0.592,0.268,0.579,0.303,0.118
123,2,831.7068063474401,0,0,90,11.142,3.011,0.567,0.228,0.622,0.278,0.1
123,3,1313.1298477765006,0,1,102,11.282,2.833,0.569,0.123,0.588,0.324,0.088
123,4,1313.0200304564328,0,1,115,11.006,2.791,0.53,-0.018,0.591,0.339,0.07
124,1,797.8703587880183,1,0,823,11.39,3.007,0.561,0.088,0.626,0.31,0.064
124,2,1018.3541159294251,1,0,811,11.347,2.986,0.561,0.085,0.625,0.313,0.062
124,3,1294.2935704778472,1,1,855,11.314,2.999,0.554,0.068,0.625,0.313,0.062
124,4,1431.8633348932185,1,1,840,11.318,3.01,0.557,0.028,0.611,0.327,0.062
125,1,614.9269642525052,0,0,1014,11.619,3.076,0.454,-0.23,0.529,0.33,0.141
125,2,887.5873743708378,0,0,997,11.556,3.041,0.454,-0.198,0.54,0.327,0.133
125,3,958.517616983219,0,1,936,11.631,3.045,0.457,-0.181,0.537,0.328,0.135
125,4,1148.010784439939,0,1,912,11.646,3.054,0.452,-0.237,0.536,0.328,0.136
126,1,779.3303803597554,0,0,561,11.267,3.053,0.553,0.179,0.608,0.26,0.132
126,2,1044.9369022528076,0,0,668,11.348,2.997,0.54,0.095,0.603,0.257,0.139
126,3,1144.2782533984118,0,1,642,11.374,2.989,0.531,0.059,0.611,0.246,0.143
126,4,1512.0876401726837,0,1,607,11.254,3.003,0.534,0.068,0.613,0.239,0.148
127,1,783.7174141853635,1,0,312,11.531,2.875,0.516,-0.05,0.519,0.33,0.151
127,2,945.0910530663477,1,0,306,11.642,2.85,0.542,-0.07,0.513,0.343,0.144
127,3,1023.4413417049107,1,1,299,11.392,2.943,0.538,-0.047,0.505,0.351,0.144
127,4,1263.7364197232635,1,1,288,11.255,2.892,0.531,-0.081,0.49,0.358,0.153
128,1,745.1704189729835,1,0,286,11.409,2.941,0.476,-0.189,0.72,0.196,0.084
128,2,909.6598079724129,1,0,288,11.334,2.927,0.483,-0.191,0.729,0.194,0.076
128,3,1116.3133235853682,1,1,267,11.367,2.921,0.487,-0.193,0.727,0.191,0.082
128,4,1385.7686662296455,1,1,263,11.705,2.928,0.506,-0.212,0.734,0.19,0.076
129,1,807.0636004173352,0,0,588,11.709,3.07,0.543,-0.026,0.672,0.162,0.167
129,2,1047.5061821590032,0,0,564,11.587,3.08,0.546,-0.027,0.663,0.163,0.174
129,3,1065.5204669784412,0,1,560,11.688,3.095,0.536,-0.05,0.668,0.164,0.168
129,4,1393.2518994072748,0,1,541,11.723,3.116,0.534,-0.072,0.686,0.161,0.153
130,1,723.8045825397319,0,0,496,11.485,2.915,0.542,-0.003,0.601,0.218,0.181
130,2,891.4834591543264,0,0,516,11.368,2.928,0.533,-0.021,0.599,0.207,0.194
130,3,986.6609232826453,0,1,528,11.311,2.932,0.536,0.002,0.612,0.203,0.186
130,4,1335.6947427615135,0,1,534,11.299,2.979,0.537,-0.051,0.597,0.212,0.191
131,1,803.1190246160145,0,0,302,11.204,3.026,0.593,0.15,0.904,0.086,0.01
131,2,975.1345457407156,0,0,300,11.119,2.99,0.593,0.144,0.907,0.083,0.01
131,3,1472.9056764621025,0,1,287,11.303,2.948,0.571,0.09,0.906,0.08,0.014
131,4,1532.5538803295276,0,1,339,11.571,2.861,0.531,-0.045,0.903,0.086,0.012
132,1,782.6534433979747,0,0,588,11.543,2.959,0.573,0.225,0.707,0.206,0.087
132,2,1144.9600494764577,0,0,575,11.533,2.943,0.551,0.188,0.718,0.197,0.085
132,3,1224.942277775678,0,1,588,11.603,2.917,0.534,0.124,0.726,0.192,0.082
132,4,1252.4520443366307,0,1,574,11.505,2.962,0.54,0.097,0.721,0.19,0.089
133,1,660.5662584415,1,0,602,12.358,3.169,0.414,-0.789,0.545,0.359,0.096
133,2,717.3263480337789,1,0,583,12.321,3.175,0.419,-0.751,0.53,0.372,0.098
133,3,777.0567015548914,1,1,580,12.18,3.141,0.431,-0.716,0.536,0.367,0.097
133,4,870.9888358345563,1,1,567,12.071,3.159,0.429,-0.676,0.533,0.37,0.097
134,1,707.2577649418613,0,0,265,10.596,3.079,0.638,0.607,0.717,0.17,0.113
134,2,889.6991635821827,0,0,330,11.266,2.991,0.548,0.149,0.688,0.194,0.118
134,3,1224.4944254579093,0,1,314,11.27,2.987,0.551,0.189,0.694,0.197,0.108
134,4,1225.003117726065,0,1,309,11.147,2.958,0.544,0.152,0.699,0.194,0.107
135,1,738.0961983169309,1,0,601,12.475,2.968,0.398,-0.716,0.571,0.333,0.097
135,2,838.7366408216069,1,0,586,12.351,2.961,0.398,-0.659,0.582,0.329,0.089
135,3,964.7003282005608,1,1,619,12.425,2.979,0.41,-0.621,0.583,0.334,0.082
135,4,1053.5203450439722,1,1,581,12.379,3.002,0.403,-0.592,0.582,0.336,0.083
136,1,888.9707868989294,0,0,952,11.004,3.114,0.565,0.21,0.649,0.223,0.128
136,2,1112.6346903773008,0,0,910,11.066,3.11,0.57,0.201,0.657,0.219,0.124
136,3,1393.0345177782813,0,1,961,11.113,3.076,0.578,0.182,0.663,0.224,0.113
136,4,1286.0508680601629,0,1,958,11.216,3.082,0.561,0.06,0.669,0.215,0.116
137,1,1014.0335733345117,0,0,280,11.639,2.95,0.518,0.116,0.8,0.1,0.1
137,2,987.9032737984239,0,0,262,11.683,2.92,0.508,0.114,0.802,0.107,0.092
137,3,1474.8783928058967,0,1,271,11.702,2.967,0.531,0.083,0.786,0.114,0.1
137,4,1277.1494304700789,0,1,265,11.938,2.921,0.547,-0.019,0.781,0.117,0.102
138,1,799.5659515851538,0,0,188,11.44,3.165,0.559,0.091,0.569,0.293,0.138
138,2,1033.3480318309644,0,0,190,11.681,3.153,0.558,0.096,0.574,0.295,0.132
138,3,1142.1774913955499,0,1,184,11.552,3.147,0.554,0.092,0.576,0.288,0.136
138,4,1332.9981878520764,0,1,220,11.596,2.991,0.55,0.018,0.614,0.268,0.118
139,1,636.6703515014354,1,0,63,11.896,2.778,0.556,-0.215,0.571,0.254,0.175
139,2,900.6466692462978,1,0,77,11.073,2.701,0.494,-0.012,0.597,0.234,0.169
139,3,1260.9941504026403,1,1,83,11.226,2.771,0.482,-0.09,0.554,0.289,0.157
139,4,1149.0132417717898,1,1,109,12.069,3.028,0.45,-0.58,0.541,0.339,0.119
140,1,783.2078601426759,0,0,590,11.286,2.954,0.566,0.199,0.769,0.192,0.039
140,2,855.0090359359557,0,0,660,11.482,2.932,0.555,0.128,0.759,0.203,0.038
140,3,1078.5249703862653,0,1,657,11.534,2.942,0.533,0.036,0.76,0.202,0.038
140,4,1264.4275052194143,0,1,632,11.502,2.911,0.551,0.028,0.739,0.218,0.043
141,1,816.6952961996237,0,0,486,12.311,2.879,0.412,-0.596,0.86,0.101,0.039
141,2,749.3031097744438,0,0,482,12.366,2.963,0.425,-0.653,0.861,0.098,0.041
141,3,797.2487249339999,0,1,459,12.247,2.924,0.438,-0.596,0.852,0.096,0.052
141,4,944.5682564956657,0,1,448,12.201,2.895,0.449,-0.605,0.855,0.094,0.051
142,1,926.5564820406826,1,0,486,11.327,2.988,0.578,0.291,0.646,0.226,0.128
142,2,1337.7947283369217,1,0,491,11.18,2.955,0.576,0.283,0.629,0.242,0.128
142,3,1395.0051611642032,1,1,500,11.177,2.942,0.566,0.226,0.638,0.236,0.126
142,4,1230.7302827557885,1,1,767,11.618,3.013,0.529,-0.18,0.638,0.223,0.14
143,1,989.4166032319205,0,0,205,10.985,2.985,0.595,0.308,0.698,0.205,0.098
143,2,1360.348390047511,0,0,224,11.278,3.036,0.545,0.063,0.67,0.214,0.116
143,3,1145.2990663180615,0,1,286,11.538,3.024,0.507,-0.156,0.664,0.227,0.108
143,4,1211.8529799873008,0,1,272,11.39,3.114,0.522,-0.155,0.68,0.217,0.103
144,1,728.3362143094099,0,0,198,12.111,3.106,0.47,-0.405,0.596,0.172,0.232
144,2,816.7115571571583,0,0,193,12.098,3.14,0.451,-0.394,0.585,0.166,0.249
144,3,901.6783147949442,0,1,238,11.87,3.151,0.471,-0.377,0.597,0.147,0.256
144,4,1064.236921806118,0,1,235,11.881,3.034,0.464,-0.385,0.596,0.145,0.26
145,1,924.556557303856,1,0,717,11.27,3.046,0.628,0.359,0.884,0.074,0.042
145,2,1165.2564544853071,1,0,703,11.213,3.068,0.636,0.349,0.881,0.078,0.041
145,3,1186.6788395047786,1,1,719,11.361,3.079,0.612,0.295,0.882,0.075,0.043
145,4,1510.414901622924,1,1,687,11.369,3.098,0.616,0.285,0.876,0.079,0.045
146,1,1029.1443460777139,0,0,630,10.943,2.962,0.598,0.228,0.432,0.43,0.138
146,2,1226.4523588554987,0,0,603,11.12,2.978,0.594,0.21,0.421,0.438,0.141
146,3,1264.5955563436305,0,1,611,11.174,2.974,0.592,0.181,0.424,0.44,0.136
146,4,1373.0482384206573,0,1,612,11.367,2.995,0.574,0.076,0.433,0.425,0.142
147,1,759.7318563680898,0,0,383,11.036,3.115,0.554,0.223,0.671,0.245,0.084
147,2,1152.3576341974685,0,0,397,11.135,3.128,0.542,0.148,0.69,0.227,0.083
147,3,1240.3147207095783,0,1,392,11.361,3.135,0.533,0.11,0.691,0.232,0.077
147,4,1189.808933288752,0,1,392,11.4,3.204,0.551,0.085,0.676,0.247,0.077
148,1,778.0146241490864,0,0,267,11.369,2.91,0.562,0.221,0.457,0.434,0.109
148,2,1065.3050091339983,0,0,306,11.545,2.954,0.549,0.083,0.458,0.422,0.121
148,3,1248.1033960244401,0,1,305,11.496,2.964,0.538,0.055,0.466,0.416,0.118
148,4,1064.2759391808243,0,1,304,11.49,3.043,0.533,-0.052,0.447,0.431,0.122
149,1,861.6792211101348,0,0,213,11.939,2.836,0.502,-0.158,0.897,0.061,0.042
149,2,658.9021387514772,0,0,217,12.013,2.843,0.502,-0.164,0.885,0.069,0.046
149,3,818.1307267562855,0,1,210,11.97,2.786,0.514,-0.142,0.89,0.062,0.048
149,4,1056.1714461794559,0,1,225,12.125,2.698,0.498,-0.251,0.907,0.058,0.036
150,1,1059.7913453245287,1,0,392,11.331,2.862,0.615,0.396,0.747,0.143,0.11
150,2,1512.227496916864,1,0,370,11.271,2.849,0.605,0.322,0.738,0.146,0.116
150,3,1452.456733055919,1,1,381,11.245,2.858,0.575,0.222,0.738,0.142,0.121
150,4,1668.6331770608417,1,1,402,11.348,2.816,0.585,0.142,0.751,0.137,0.112
151,1,1203.171879665991,0,0,255,11.144,2.843,0.561,0.166,0.639,0.247,0.114
151,2,1120.1250862403863,0,0,251,11.074,2.825,0.566,0.157,0.637,0.247,0.116
151,3,1200.6616068924632,0,1,290,11.171,2.793,0.51,-0.003,0.641,0.252,0.107
151,4,1418.396762889556,0,1,285,11.242,2.782,0.516,-0.012,0.635,0.26,0.105
152,1,928.8397024036681,0,0,503,11.57,3.052,0.575,0.078,0.628,0.153,0.219
152,2,1021.741471315002,0,0,492,11.645,3.024,0.565,0.012,0.63,0.159,0.211
152,3,1198.8876728416992,0,1,481,11.625,3.037,0.57,-0.029,0.634,0.15,0.216
152,4,1618.1073924800396,0,1,497,11.74,3.04,0.557,-0.101,0.628,0.145,0.227
153,1,555.6380996005096,1,0,587,12.012,2.944,0.397,-0.506,0.734,0.147,0.119
153,2,915.8150657607262,1,0,589,12.008,3.024,0.428,-0.476,0.722,0.146,0.132
153,3,871.8091613017998,1,1,561,12.061,3.036,0.433,-0.485,0.733,0.148,0.119
153,4,870.863727454626,1,1,545,12.073,3.061,0.446,-0.499,0.721,0.154,0.125
154,1,1051.364232642053,1,0,1059,11.106,3.012,0.592,0.284,0.753,0.171,0.076
154,2,1201.3149660430668,1,0,1060,11.117,2.992,0.579,0.252,0.753,0.169,0.078
154,3,1670.5044130734498,1,1,1017,11.054,2.996,0.577,0.223,0.749,0.171,0.08
154,4,1633.252769537452,1,1,994,11.171,3.005,0.559,0.122,0.752,0.169,0.079
155,1,853.0300983180986,0,0,1059,11.63,3.035,0.505,-0.235,0.699,0.197,0.104
155,2,958.8552107526799,0,0,1080,11.786,3.03,0.491,-0.317,0.703,0.196,0.101
155,3,1108.763072265143,0,1,1079,11.655,3.027,0.51,-0.267,0.699,0.203,0.098
155,4,1073.219581196269,0,1,1025,11.637,3.048,0.501,-0.298,0.698,0.197,0.105
156,1,846.9683587519698,0,0,140,11.071,2.936,0.564,0.034,0.843,0.086,0.071
156,2,1069.8975054874415,0,0,133,11.048,2.97,0.579,-0.012,0.835,0.09,0.075
156,3,1049.364518852994,0,1,150,11.325,2.807,0.58,-0.104,0.86,0.067,0.073
156,4,1226.3024638156091,0,1,151,11.652,2.735,0.57,-0.212,0.854,0.073,0.073
157,1,736.8995666034784,0,0,1016,11.468,3.012,0.528,-0.054,0.823,0.122,0.055
157,2,896.3561290714439,0,0,1047,11.443,3.004,0.521,-0.051,0.821,0.126,0.053
157,3,993.6487913102611,0,1,1026,11.385,3.028,0.524,-0.05,0.822,0.128,0.051
157,4,1083.41798038165,0,1,1066,11.448,3.061,0.523,-0.079,0.818,0.133,0.049
158,1,620.007133625438,0,0,114,11.481,2.947,0.579,0.236,0.702,0.105,0.193
158,2,859.0004962142779,0,0,122,11.643,2.91,0.557,0.155,0.705,0.107,0.189
158,3,924.0753451541664,0,1,135,11.357,2.807,0.533,0.094,0.711,0.119,0.17
158,4,968.1709650081335,0,1,151,11.633,2.887,0.57,-0.037,0.728,0.113,0.159
159,1,865.9929918158782,0,0,678,11.579,2.916,0.528,0.047,0.664,0.142,0.195
159,2,1088.7046043028402,0,0,648,11.659,2.929,0.512,0.028,0.656,0.147,0.198
159,3,1353.954480914633,0,1,647,11.603,2.94,0.501,0.016,0.637,0.151,0.212
159,4,1398.7032491710754,0,1,645,11.474,2.947,0.502,0.002,0.628,0.152,0.22
160,1,877.1929273597725,1,0,255,10.667,2.965,0.624,0.486,0.773,0.165,0.063
160,2,1404.1087871669167,1,0,239,10.599,2.971,0.619,0.479,0.782,0.167,0.05
160,3,1516.2917596516127,1,1,225,11.052,2.947,0.596,0.332,0.782,0.164,0.053
160,4,1408.8796519227717,1,1,257,11.279,2.981,0.541,0.181,0.759,0.183,0.058
161,1,775.1943943408072,0,0,207,12.106,3.198,0.483,-0.216,0.85,0.116,0.034
161,2,841.7071124248188,0,0,202,12.005,3.198,0.485,-0.22,0.837,0.129,0.035
161,3,990.2026334429027,0,1,197,12.08,3.162,0.472,-0.232,0.822,0.137,0.041
161,4,1091.900219666361,0,1,191,11.813,3.162,0.476,-0.193,0.822,0.136,0.042
162,1,693.3184401533972,0,0,173,11.515,2.798,0.572,0.054,0.705,0.22,0.075
162,2,1151.7865054038516,0,0,178,11.346,2.966,0.573,0.005,0.702,0.225,0.073
162,3,1149.609575911567,0,1,186,10.968,2.978,0.538,-0.004,0.683,0.226,0.091
162,4,1556.3540040753521,0,1,291,11.054,2.979,0.529,-0.223,0.701,0.23,0.069
163,1,722.3104716373296,0,0,300,10.859,3,0.633,0.39,0.77,0.197,0.033
163,2,1074.829358274699,0,0,292,10.832,2.993,0.647,0.411,0.764,0.199,0.038
163,3,1079.1316114297304,0,1,282,10.91,2.993,0.628,0.317,0.766,0.199,0.035
163,4,1517.431731449799,0,1,283,11.105,3.06,0.604,0.281,0.777,0.194,0.028
164,1,854.6480966601594,0,0,951,11.117,3.07,0.578,0.161,0.675,0.187,0.138
164,2,1130.523597323379,0,0,932,11.009,3.061,0.576,0.153,0.667,0.186,0.147
164,3,1184.3665909623112,0,1,921,11.073,3.047,0.574,0.115,0.658,0.195,0.147
164,4,1402.4460858354712,0,1,912,11.151,3.042,0.564,0.056,0.66,0.195,0.145
165,1,684.4785429640473,1,0,320,11,2.884,0.534,0.258,0.728,0.247,0.025
165,2,1141.681865157627,1,0,309,11.051,2.893,0.518,0.202,0.731,0.243,0.026
165,3,1212.6409460309264,1,1,333,11.236,2.82,0.492,0.119,0.724,0.258,0.018
165,4,1395.624948620923,1,1,326,11.297,2.834,0.503,0.087,0.727,0.261,0.012
166,1,960.3770058729364,1,0,121,11.168,2.909,0.76,0.637,0.62,0.289,0.091
166,2,1138.950301708212,1,0,116,11.123,2.888,0.75,0.536,0.638,0.259,0.103
166,3,1927.1119142408597,1,1,140,11.252,2.95,0.65,0.245,0.621,0.264,0.114
166,4,1358.135206252782,1,1,127,11.083,2.969,0.646,0.167,0.638,0.252,0.11
167,1,721.9560170887614,0,0,577,10.979,3.102,0.594,0.377,0.721,0.194,0.085
167,2,1111.9332998984314,0,0,570,11.109,3.114,0.584,0.318,0.725,0.193,0.082
167,3,1211.0175427187294,0,1,569,11.403,3.076,0.557,0.226,0.729,0.197,0.074
167,4,1372.4915503750206,0,1,550,11.454,3.135,0.551,0.171,0.722,0.2,0.078
168,1,876.2821087678493,1,0,548,12.231,3.027,0.438,-0.5,0.754,0.128,0.119
168,2,911.4424214899951,1,0,513,12.163,3.031,0.448,-0.465,0.75,0.133,0.117
168,3,1196.5360981719532,1,1,480,12.212,3.035,0.46,-0.459,0.762,0.123,0.115
168,4,1154.9224388654238,1,1,483,12.04,3.048,0.458,-0.439,0.768,0.124,0.108
169,1,780.4006632082775,0,0,734,11.593,2.946,0.554,0.1,0.658,0.243,0.099
169,2,949.3407743515369,0,0,710,11.66,2.986,0.545,0.084,0.662,0.241,0.097
169,3,1120.731109119725,0,1,716,11.62,2.987,0.553,0.086,0.668,0.236,0.096
169,4,1356.0315785157304,0,1,820,11.559,2.99,0.53,0.028,0.679,0.229,0.091
170,1,739.3784842249805,0,0,866,11.442,3.095,0.573,0.204,0.627,0.209,0.164
170,2,1129.5980195255188,0,0,865,11.3,3.114,0.584,0.208,0.623,0.208,0.169
170,3,1216.340907406525,0,1,892,11.304,3.09,0.584,0.173,0.628,0.204,0.168
170,4,1210.6812553763,0,1,920,11.394,3.085,0.573,0.053,0.638,0.197,0.165
171,1,1057.3338087236873,0,0,320,10.85,2.862,0.559,0.071,0.488,0.338,0.175
171,2,1171.8146741213702,0,0,301,10.947,2.917,0.542,0.022,0.488,0.336,0.176
171,3,1254.740515359172,0,1,295,11.065,2.905,0.539,-0.048,0.481,0.322,0.197
171,4,1238.0461796308339,0,1,284,11.273,2.905,0.535,-0.064,0.496,0.306,0.197
172,1,881.8774668180148,0,0,376,11.329,2.923,0.54,0.064,0.705,0.165,0.13
172,2,1224.7283532323172,0,0,420,11.526,2.96,0.533,-0.013,0.702,0.157,0.14
172,3,1039.8060339513938,0,1,400,11.381,3.007,0.53,-0.042,0.72,0.142,0.138
172,4,1437.9935194940172,0,1,436,11.385,2.993,0.534,-0.115,0.713,0.149,0.138
173,1,985.433646577221,1,0,165,10.913,2.745,0.582,0.362,0.642,0.224,0.133
173,2,1371.9138313052072,1,0,151,10.887,2.781,0.563,0.284,0.636,0.238,0.126
173,3,1158.8359227433002,1,1,212,11.207,2.774,0.533,0.147,0.627,0.236,0.137
173,4,1583.4522157180693,1,1,191,11.31,2.764,0.529,0.127,0.618,0.236,0.147
174,1,962.181985238624,0,0,840,11.374,2.91,0.564,0.284,0.732,0.137,0.131
174,2,1205.8428307485265,0,0,839,11.366,2.954,0.552,0.242,0.729,0.135,0.136
174,3,1252.9429769607223,0,1,826,11.407,2.932,0.536,0.187,0.731,0.138,0.131
174,4,1450.4584554610692,0,1,793,11.425,2.948,0.532,0.14,0.738,0.132,0.13
175,1,786.3584096043018,0,0,444,11.374,2.986,0.529,0.058,0.608,0.277,0.115
175,2,1066.4043199306616,0,0,435,11.298,3.014,0.526,0.082,0.593,0.287,0.12
175,3,1263.7163588454966,0,1,431,11.161,3.058,0.541,0.098,0.594,0.276,0.13
175,4,1448.7834601113577,0,1,416,11.15,3.079,0.546,0.068,0.589,0.269,0.142
176,1,717.1378983742334,0,0,1311,11.982,2.996,0.483,-0.299,0.637,0.304,0.059
176,2,769.3167916981914,0,0,1300,11.907,3,0.479,-0.284,0.634,0.309,0.057
176,3,824.5226494154566,0,1,1261,11.828,2.972,0.486,-0.288,0.632,0.312,0.056
176,4,975.5835201854296,0,1,1246,11.853,2.966,0.49,-0.309,0.636,0.307,0.058
177,1,716.9521625245347,0,0,375,12.256,3.115,0.456,-0.486,0.549,0.219,0.232
177,2,722.1589836478212,0,0,493,12.158,3.077,0.46,-0.486,0.54,0.223,0.237
177,3,705.6131562861015,0,1,486,12.293,3.037,0.453,-0.471,0.547,0.212,0.241
177,4,956.1579087659867,0,1,504,12.49,3.01,0.46,-0.519,0.544,0.214,0.242
178,1,769.7129186413279,1,0,549,12.182,2.905,0.47,-0.438,0.557,0.375,0.067
178,2,923.7938198320642,1,0,543,12.025,2.948,0.481,-0.384,0.556,0.372,0.072
178,3,1177.98182991231,1,1,553,11.871,2.982,0.497,-0.368,0.546,0.378,0.076
178,4,1381.8528546643015,1,1,519,11.767,3.054,0.516,-0.353,0.557,0.374,0.069
179,1,812.4344648446577,1,0,195,12.409,2.908,0.426,-0.702,0.626,0.21,0.164
179,2,892.9522440293334,1,0,211,12.441,2.915,0.464,-0.646,0.621,0.199,0.18
179,3,967.5988056781359,1,1,198,12.431,2.929,0.46,-0.574,0.616,0.197,0.187
179,4,1200.9746352343827,1,1,203,12.454,2.808,0.458,-0.567,0.64,0.202,0.158
180,1,1145.07964745245,1,0,256,11.091,2.949,0.578,0.154,0.555,0.379,0.066
180,2,1090.6906414379234,1,0,275,11.39,2.913,0.582,0.037,0.556,0.393,0.051
180,3,1523.4539625940984,1,1,275,11.582,2.924,0.571,-0.007,0.56,0.382,0.058
180,4,1568.7676730448115,1,1,263,11.434,2.894,0.559,-0.038,0.57,0.376,0.053
181,1,871.637630417138,1,0,187,11.625,3.171,0.476,-0.347,0.658,0.262,0.08
181,2,956.6767959606949,1,0,194,11.671,3.093,0.474,-0.299,0.644,0.273,0.082
181,3,1196.837679188539,1,1,200,11.8,3.07,0.475,-0.361,0.64,0.275,0.085
181,4,1256.6995534539062,1,1,188,11.707,3.064,0.479,-0.378,0.633,0.287,0.08
182,1,858.4940651161872,0,0,864,11.03,3.069,0.56,0.198,0.83,0.089,0.081
182,2,936.6666584030112,0,0,844,11.086,3.04,0.562,0.181,0.822,0.089,0.089
182,3,1212.7529287466725,0,1,826,11.058,3.042,0.564,0.157,0.821,0.09,0.09
182,4,1390.8786989277148,0,1,858,11.186,3.015,0.564,0.115,0.826,0.085,0.089
183,1,1124.118321116609,0,0,305,11.115,3.18,0.564,-0.017,0.505,0.315,0.18
183,2,1167.0933972028422,0,0,307,11.336,3.163,0.544,-0.042,0.502,0.309,0.189
183,3,1162.326167556139,0,1,295,11.326,3.166,0.556,-0.068,0.519,0.298,0.183
183,4,1211.1541616856612,0,1,302,11.282,3.182,0.56,-0.12,0.526,0.295,0.179
184,1,891.5086411339777,0,0,2281,10.882,3.022,0.622,0.438,0.694,0.194,0.112
184,2,1220.9690111000893,0,0,2423,11.042,3.008,0.608,0.329,0.69,0.2,0.11
184,3,1544.031416227458,0,1,2299,11.127,3.043,0.608,0.301,0.692,0.201,0.107
184,4,1562.4581838699244,0,1,2379,11.148,3.001,0.595,0.215,0.688,0.206,0.106
185,1,920.3600349066813,1,0,891,11.067,3.052,0.578,0.225,0.574,0.318,0.109
185,2,1230.336165180857,1,0,858,11.094,2.981,0.57,0.193,0.569,0.323,0.108
185,3,1276.004420775504,1,1,857,11.217,2.954,0.564,0.158,0.585,0.307,0.109
185,4,1278.3182953598975,1,1,801,11.237,2.974,0.551,0.085,0.582,0.31,0.109
186,1,923.9273148019805,0,0,660,11.098,2.976,0.595,0.29,0.683,0.218,0.098
186,2,1088.1921140225725,0,0,633,10.985,2.968,0.596,0.307,0.676,0.22,0.104
186,3,1242.303998729084,0,1,612,11.009,3.011,0.587,0.263,0.688,0.219,0.093
186,4,1525.930079087972,0,1,590,11.145,2.986,0.59,0.196,0.681,0.219,0.1
187,1,812.1572435866358,0,0,331,11.933,3.06,0.511,0.109,0.674,0.239,0.088
187,2,959.5835117938157,0,0,367,11.804,3.079,0.512,0.059,0.676,0.24,0.084
187,3,1179.1193116587078,0,1,353,11.994,3.071,0.504,0.011,0.674,0.244,0.082
187,4,1400.9017805387155,0,1,374,12.142,3.024,0.487,-0.062,0.682,0.233,0.086
188,1,839.0515320015547,1,0,426,11.877,2.991,0.495,-0.216,0.737,0.15,0.113
188,2,1054.357885606402,1,0,417,12.023,2.952,0.482,-0.245,0.746,0.139,0.115
188,3,1317.1684877395767,1,1,419,12.04,2.974,0.487,-0.239,0.745,0.129,0.126
188,4,1308.7691575672536,1,1,473,11.782,2.901,0.505,-0.219,0.744,0.14,0.116
189,1,696.8085643543222,0,0,331,11.861,3.045,0.505,-0.217,0.665,0.254,0.082
189,2,1031.1746455803607,0,0,323,12.05,3.09,0.508,-0.204,0.653,0.263,0.084
189,3,1035.5898096181209,0,1,321,11.868,3.069,0.523,-0.211,0.645,0.271,0.084
189,4,1275.707624195338,0,1,323,12.093,3.158,0.514,-0.308,0.659,0.26,0.08
190,1,696.8127570123701,0,0,182,11.211,2.94,0.599,0.085,0.753,0.176,0.071
190,2,1013.1766771474121,0,0,198,11.374,2.97,0.616,0.088,0.722,0.192,0.086
190,3,1089.2559292461578,0,1,209,11.35,2.981,0.627,0.112,0.727,0.187,0.086
190,4,1308.9232997603224,0,1,203,11.59,2.961,0.65,0.089,0.739,0.192,0.069
191,1,792.8002710734693,0,0,299,11.389,3.114,0.532,-0.032,0.732,0.217,0.05
191,2,1008.931332728503,0,0,301,11.372,3.07,0.542,-0.044,0.728,0.226,0.047
191,3,1050.9638328025105,0,1,292,11.422,3.058,0.541,-0.056,0.719,0.236,0.045
191,4,1045.666940332038,0,1,282,11.331,3.039,0.528,-0.071,0.706,0.245,0.05
192,1,894.6504563712487,0,0,1801,11.129,3.048,0.576,0.334,0.744,0.184,0.072
192,2,1212.95525626387,0,0,1786,11.274,3.027,0.554,0.239,0.744,0.183,0.073
192,3,1343.7639274374949,0,1,1754,11.355,3.003,0.544,0.154,0.743,0.182,0.074
192,4,1437.074561067564,0,1,1774,11.415,3.024,0.536,0.083,0.749,0.182,0.069
193,1,961.2972800375276,0,0,454,11.756,3.088,0.522,-0.038,0.689,0.203,0.108
193,2,891.2516254055934,0,0,426,11.812,3.056,0.531,-0.084,0.69,0.202,0.108
193,3,1007.4017481466354,0,1,587,11.75,3.101,0.504,-0.216,0.707,0.181,0.112
193,4,1101.9988333408667,0,1,570,11.716,3.096,0.519,-0.238,0.704,0.184,0.112
194,1,1134.1542763221694,1,0,186,10.859,3.21,0.618,0.379,0.597,0.306,0.097
194,2,1391.033039695635,1,0,181,11.156,3.149,0.608,0.299,0.608,0.298,0.094
194,3,1326.397803723234,1,1,202,11.337,3.188,0.594,0.09,0.604,0.302,0.094
194,4,1321.6555695981133,1,1,205,11.502,3.224,0.571,0.025,0.6,0.302,0.098
195,1,744.1340287787702,0,0,361,11.574,2.878,0.529,0.019,0.504,0.285,0.211
195,2,815.7733563375925,0,0,379,11.561,2.855,0.52,0.026,0.525,0.285,0.19
195,3,1178.981919056544,0,1,442,11.475,2.896,0.541,0,0.534,0.274,0.192
195,4,1201.8524614133369,0,1,428,11.458,2.904,0.537,0.021,0.533,0.278,0.189
196,1,812.0356086186591,1,0,2282,11.291,2.975,0.55,0.154,0.665,0.267,0.068
196,2,1092.6197836640142,1,0,2192,11.266,2.985,0.553,0.15,0.668,0.265,0.068
196,3,1033.0477477958511,1,1,2456,11.441,3.008,0.541,0.001,0.669,0.267,0.064
196,4,1243.9946559785935,1,1,2355,11.418,3.02,0.541,-0.02,0.671,0.263,0.066
197,1,772.3012952276562,1,0,701,12.219,3.084,0.504,-0.21,0.817,0.157,0.026
197,2,1120.173759614409,1,0,750,12.002,3.076,0.525,-0.139,0.811,0.163,0.027
197,3,1293.016325483525,1,1,744,11.937,3.074,0.526,-0.138,0.813,0.16,0.027
197,4,1353.998006929827,1,1,730,12.024,3.133,0.53,-0.183,0.821,0.153,0.026
198,1,1003.8192769683058,0,0,984,10.809,3.029,0.642,0.554,0.664,0.23,0.107
198,2,1265.577039136376,0,0,979,10.995,3.018,0.636,0.508,0.673,0.231,0.096
198,3,1488.4599357477596,0,1,938,11.07,2.987,0.625,0.452,0.676,0.231,0.093
198,4,1669.8523911189252,0,1,988,11.291,2.984,0.597,0.269,0.679,0.228,0.093
199,1,849.4123835691752,1,0,337,11.591,2.997,0.46,-0.246,0.73,0.199,0.071
199,2,1018.919637748688,1,0,323,11.589,3.04,0.474,-0.23,0.743,0.18,0.077
199,3,1081.7427546830736,1,1,315,11.518,3.019,0.489,-0.248,0.73,0.194,0.076
199,4,1317.5036716732018,1,1,319,11.381,3.006,0.502,-0.201,0.737,0.201,0.063
200,1,802.9267188665384,1,0,332,11.894,2.973,0.551,-0.086,0.735,0.169,0.096
200,2,940.6572635114071,1,0,335,12.051,2.943,0.552,-0.121,0.74,0.167,0.093
200,3,1322.854246618175,1,1,347,11.907,2.931,0.55,-0.131,0.749,0.159,0.092
200,4,1429.0725021747892,1,1,392,11.586,2.954,0.569,-0.11,0.747,0.161,0.092
201,1,796.4194615689581,0,0,475,11.017,2.996,0.552,0.188,0.813,0.141,0.046
201,2,1095.2987047411673,0,0,468,11.171,2.989,0.541,0.164,0.803,0.145,0.051
201,3,1296.3511619024857,0,1,468,11.183,2.991,0.545,0.16,0.795,0.15,0.056
201,4,1412.2266962047818,0,1,467,11.108,2.983,0.557,0.127,0.782,0.154,0.064
202,1,870.7262228831476,1,0,344,11.408,2.994,0.526,0.122,0.709,0.183,0.108
202,2,1278.193987045677,1,0,361,11.635,2.981,0.512,0.054,0.693,0.205,0.102
202,3,1324.9261999837722,1,1,335,11.564,2.982,0.51,0.025,0.681,0.218,0.101
202,4,1476.3326559592426,1,1,320,11.454,2.962,0.497,-0.003,0.694,0.212,0.094
203,1,957.9666886950619,1,0,735,11.184,3.007,0.642,0.52,0.899,0.052,0.049
203,2,1195.1417201626764,1,0,712,11.32,2.972,0.636,0.483,0.902,0.052,0.046
203,3,1477.8352970803703,1,1,731,11.288,2.964,0.613,0.418,0.904,0.044,0.052
203,4,1640.1425527100134,1,1,716,11.308,2.962,0.599,0.357,0.909,0.043,0.047
204,1,832.5227466387352,0,0,950,11.71,2.941,0.544,0.019,0.561,0.265,0.174
204,2,1086.7201041167036,0,0,932,11.807,2.938,0.543,-0.001,0.571,0.253,0.176
204,3,1079.8089361570687,0,1,904,11.814,2.933,0.532,-0.028,0.574,0.26,0.166
204,4,1267.5699350593407,0,1,895,11.847,2.905,0.516,-0.072,0.583,0.258,0.159
205,1,806.8142855982002,1,0,467,11.69,3.015,0.512,-0.135,0.625,0.291,0.084
205,2,1084.1042065125937,1,0,453,11.769,3.033,0.501,-0.142,0.62,0.298,0.082
205,3,1148.4618003859266,1,1,421,11.883,2.988,0.501,-0.183,0.601,0.311,0.088
205,4,1402.8938900486844,1,1,391,12.034,3.015,0.501,-0.214,0.601,0.309,0.09
206,1,768.7151251404754,0,0,199,11.512,3.035,0.528,-0.015,0.839,0.126,0.035
206,2,822.7467744839578,0,0,216,11.63,3.028,0.542,-0.039,0.81,0.153,0.037
206,3,1031.3597899719828,0,1,212,11.321,2.995,0.571,-0.005,0.802,0.16,0.038
206,4,1182.4741505540092,0,1,201,11.19,2.965,0.567,-0.003,0.781,0.174,0.045
207,1,854.3531929953875,1,0,921,11.241,2.999,0.561,0.213,0.545,0.33,0.125
207,2,1162.426208491456,1,0,877,11.168,3.022,0.566,0.225,0.556,0.32,0.123
207,3,1250.5587981597373,1,1,871,11.219,2.995,0.575,0.21,0.546,0.335,0.118
207,4,1521.156354678659,1,1,860,11.301,2.963,0.567,0.154,0.545,0.337,0.117
208,1,1033.3374257256266,1,0,1100,11.409,2.953,0.554,0.126,0.562,0.378,0.06
208,2,1194.3329575241655,1,0,1130,11.583,2.951,0.552,0.065,0.561,0.382,0.057
208,3,1461.3977980547581,1,1,1093,11.68,2.935,0.546,0.02,0.569,0.377,0.054
208,4,1374.987746420693,1,1,1373,11.601,2.955,0.548,-0.029,0.588,0.358,0.054
209,1,731.7456292830407,0,0,233,11.21,2.85,0.597,0.292,0.773,0.176,0.052
209,2,1132.8078791546207,0,0,241,11.555,2.838,0.585,0.215,0.784,0.17,0.046
209,3,1030.940203795289,0,1,235,11.493,2.847,0.596,0.223,0.796,0.157,0.047
209,4,1323.884704760739,0,1,227,11.388,2.912,0.577,0.148,0.784,0.167,0.048
210,1,604.1954535282235,0,0,189,11.104,3.228,0.577,0.24,0.72,0.201,0.079
210,2,960.9248648703265,0,0,202,11.245,3.149,0.55,0.157,0.703,0.203,0.094
210,3,1073.4338032354524,0,1,251,11.5,3.179,0.51,-0.034,0.689,0.183,0.127
210,4,1332.1735721494167,0,1,243,11.508,3.16,0.514,-0.053,0.7,0.181,0.119
211,1,912.044575522588,0,0,551,11.134,2.933,0.55,0.176,0.724,0.192,0.083
211,2,1146.0007574655817,0,0,550,11.124,2.931,0.556,0.172,0.731,0.193,0.076
211,3,1139.7944655708252,0,1,533,11.042,2.972,0.568,0.159,0.735,0.189,0.075
211,4,1224.0773779265608,0,1,547,11.18,2.973,0.543,0.073,0.744,0.179,0.077
212,1,1657.5356254865437,0,0,182,11.263,2.593,0.615,0.413,0.67,0.187,0.143
212,2,1355.2930604700568,0,0,196,11.474,2.699,0.612,0.31,0.684,0.168,0.148
212,3,1616.8840748923997,0,1,191,11.346,2.649,0.597,0.267,0.67,0.178,0.152
212,4,1792.969606600886,0,1,192,11.214,2.599,0.599,0.242,0.682,0.177,0.141
213,1,702.6271691379044,0,0,614,12.008,2.984,0.43,-0.469,0.886,0.075,0.039
213,2,801.8270163326799,0,0,744,12.02,3.052,0.449,-0.444,0.888,0.07,0.042
213,3,825.7492905938913,0,1,707,12.084,3.093,0.458,-0.451,0.897,0.065,0.038
213,4,1015.7223166008018,0,1,662,11.943,3.118,0.468,-0.401,0.896,0.065,0.039
214,1,589.058097098985,0,0,867,12.376,3.083,0.392,-0.643,0.552,0.283,0.165
214,2,727.5241000085327,0,0,827,12.256,3.067,0.412,-0.577,0.539,0.287,0.174
214,3,824.7811602676654,0,1,798,12.074,3.045,0.42,-0.523,0.535,0.279,0.185
214,4,1009.072285998085,0,1,790,12.011,3.066,0.429,-0.51,0.532,0.278,0.19
215,1,1200.5448435754195,0,0,485,10.919,2.965,0.61,0.31,0.819,0.146,0.035
215,2,1305.8598982549167,0,0,485,10.925,2.971,0.602,0.257,0.814,0.153,0.033
215,3,1395.310817435023,0,1,479,10.944,2.958,0.587,0.239,0.812,0.152,0.035
215,4,1602.1080576346308,0,1,486,11.137,2.944,0.584,0.158,0.813,0.156,0.031
216,1,638.5121918518505,0,0,385,11.932,2.958,0.444,-0.554,0.709,0.156,0.135
216,2,659.5873003487167,0,0,365,11.762,2.978,0.466,-0.484,0.712,0.164,0.123
216,3,683.8405210740312,0,1,419,11.533,3.029,0.468,-0.427,0.697,0.179,0.124
216,4,989.09407247505,0,1,437,11.654,3.119,0.471,-0.451,0.689,0.183,0.128
217,1,637.1634940507388,0,0,562,11.93,2.87,0.496,-0.167,0.84,0.133,0.027
217,2,889.2364481785348,0,0,544,11.819,2.904,0.5,-0.132,0.847,0.129,0.024
217,3,915.8441570449997,0,1,604,11.819,2.934,0.495,-0.166,0.848,0.127,0.025
217,4,1122.495169834051,0,1,585,11.666,2.944,0.515,-0.153,0.846,0.125,0.029
218,1,966.495950246997,1,0,983,11.137,2.969,0.558,0.217,0.613,0.23,0.157
218,2,1167.8097782796367,1,0,964,11.262,2.944,0.557,0.18,0.61,0.239,0.151
218,3,1366.2095302151683,1,1,875,11.142,2.95,0.557,0.201,0.616,0.234,0.15
218,4,1438.9800946154658,1,1,837,11.085,2.951,0.542,0.136,0.611,0.244,0.146
219,1,612.5649882042749,0,0,141,11.754,3.121,0.525,0.007,0.695,0.199,0.106
219,2,862.6694844680953,0,0,130,11.892,3.108,0.546,0.038,0.677,0.208,0.115
219,3,978.874009027215,0,1,127,12.032,3.079,0.528,0.009,0.677,0.213,0.11
219,4,1550.9528037084374,0,1,125,11.812,3.104,0.56,0.038,0.664,0.216,0.12
220,1,839.6088998735931,1,0,1373,11.137,3.055,0.593,0.309,0.81,0.096,0.094
220,2,1144.097276916751,1,0,1372,11.195,3.063,0.587,0.288,0.8,0.095,0.105
220,3,1361.268490450517,1,1,1361,11.245,3.057,0.578,0.217,0.802,0.094,0.104
220,4,1453.3445183544657,1,1,1333,11.263,3.056,0.57,0.193,0.795,0.094,0.111
221,1,910.574268621636,1,0,514,11.663,2.914,0.518,0.027,0.827,0.099,0.074
221,2,1046.9410822928498,1,0,532,11.599,2.97,0.521,-0.029,0.821,0.105,0.073
221,3,1178.8361223520762,1,1,514,11.701,2.918,0.529,-0.052,0.835,0.097,0.068
221,4,1229.7723314347643,1,1,521,11.693,2.939,0.532,-0.101,0.845,0.088,0.067
222,1,911.4679647556675,1,0,278,11.546,3.115,0.543,0.16,0.367,0.446,0.187
222,2,1072.8739156008353,1,0,330,11.49,3.07,0.518,0.099,0.361,0.461,0.179
222,3,1190.1631899003203,1,1,337,11.526,3.062,0.528,0.023,0.383,0.451,0.166
222,4,1305.1194322442884,1,1,325,11.656,3.08,0.517,-0.007,0.382,0.443,0.175
223,1,880.1821989910023,1,0,736,11.41,3.031,0.565,0.088,0.615,0.228,0.156
223,2,1110.18136023519,1,0,725,11.575,3.046,0.549,0.023,0.618,0.226,0.156
223,3,1104.1491983609983,1,1,722,11.5,2.986,0.537,0.013,0.618,0.226,0.157
223,4,1264.8744163302865,1,1,695,11.477,3.032,0.555,0.008,0.616,0.233,0.151
224,1,1121.695759690115,0,0,1253,10.793,2.994,0.662,0.627,0.89,0.067,0.043
224,2,1390.5238565514758,0,0,1270,10.851,3.008,0.656,0.554,0.889,0.069,0.043
224,3,1620.7227603134204,0,1,1243,10.912,3.006,0.646,0.503,0.89,0.069,0.041
224,4,1638.9210332391237,0,1,1249,10.898,3.006,0.625,0.421,0.884,0.071,0.045
225,1,624.8152186912944,0,0,699,11.635,3.104,0.522,-0.054,0.725,0.233,0.041
225,2,938.5052804708201,0,0,718,11.502,3.063,0.539,-0.051,0.728,0.228,0.043
225,3,1101.6349451145322,0,1,721,11.471,3.007,0.497,-0.107,0.734,0.227,0.039
225,4,1146.1224701044703,0,1,687,11.737,3.019,0.485,-0.181,0.721,0.237,0.042
226,1,1094.1810335783423,0,0,369,10.693,2.881,0.61,0.492,0.808,0.119,0.073
226,2,1099.6303652542915,0,0,368,10.838,2.878,0.611,0.397,0.804,0.12,0.076
226,3,1265.5080456802102,0,1,350,10.786,2.929,0.597,0.376,0.811,0.12,0.069
226,4,1547.9976435234844,0,1,351,10.992,2.994,0.575,0.24,0.829,0.105,0.066
227,1,965.024202105097,0,0,506,11.245,2.854,0.551,0.142,0.881,0.109,0.01
227,2,1325.666321391181,0,0,499,11.24,2.85,0.539,0.119,0.878,0.112,0.01
227,3,1195.2248504302722,0,1,466,11.203,2.861,0.547,0.124,0.88,0.105,0.015
227,4,1242.6942536359722,0,1,501,11.401,2.95,0.519,0.004,0.87,0.114,0.016
228,1,823.9180491278039,0,0,2719,11.581,3.032,0.53,0.012,0.782,0.101,0.117
228,2,1032.9170832655818,0,0,2825,11.672,3.032,0.512,-0.053,0.785,0.097,0.118
228,3,1151.1052259340624,0,1,2680,11.655,3.02,0.513,-0.065,0.788,0.096,0.116
228,4,1225.5137168847266,0,1,2703,11.707,3.02,0.514,-0.085,0.789,0.092,0.119
229,1,642.4158611206515,0,0,821,11.821,2.981,0.486,-0.181,0.951,0.039,0.01
229,2,841.4718748029518,0,0,795,11.837,3.015,0.491,-0.2,0.948,0.042,0.01
229,3,937.0653453851348,0,1,787,11.854,3.027,0.499,-0.196,0.944,0.046,0.01
229,4,1141.0150779314495,0,1,780,11.849,3.067,0.496,-0.178,0.945,0.044,0.012
230,1,774.8019861460949,1,0,951,11.88,3.026,0.488,-0.286,0.781,0.138,0.081
230,2,1000.5860893852757,1,0,949,11.956,3.023,0.487,-0.265,0.785,0.137,0.078
230,3,1128.1497811251058,1,1,964,11.81,3.005,0.487,-0.278,0.782,0.139,0.079
230,4,1247.6694241346604,1,1,992,11.773,3.002,0.497,-0.28,0.783,0.141,0.076
231,1,1139.5805506125005,1,0,285,11.39,3.056,0.621,0.374,0.716,0.144,0.14
231,2,1817.6457519768312,1,0,283,11.515,3.049,0.625,0.353,0.714,0.152,0.134
231,3,1594.0008289325808,1,1,333,11.487,3.036,0.598,0.221,0.718,0.141,0.141
231,4,1594.5008413704854,1,1,326,11.651,2.997,0.61,0.179,0.724,0.141,0.135
232,1,854.6824820897434,1,0,370,11.77,2.986,0.546,-0.008,0.773,0.114,0.114
232,2,1079.5613076697118,1,0,368,11.449,3.011,0.557,-0.014,0.766,0.114,0.12
232,3,1319.6894396816488,1,1,355,11.441,3.014,0.572,-0.005,0.772,0.107,0.121
232,4,1429.691107227276,1,1,378,11.668,3,0.569,-0.071,0.78,0.106,0.114
233,1,861.9614197613378,0,0,419,11.832,3.036,0.52,-0.049,0.535,0.334,0.131
233,2,939.0341317275685,0,0,430,11.58,3.016,0.523,-0.034,0.523,0.34,0.137
233,3,1049.303036020905,0,1,422,11.598,2.998,0.519,-0.071,0.526,0.341,0.133
233,4,1467.5683048222106,0,1,421,11.818,2.95,0.501,-0.201,0.52,0.34,0.14
234,1,881.225356587125,1,0,843,11.775,3.078,0.469,-0.299,0.877,0.074,0.05
234,2,954.8444186058291,1,0,866,11.775,3.06,0.467,-0.272,0.876,0.069,0.054
234,3,1106.062384387185,1,1,845,11.761,3.069,0.469,-0.275,0.875,0.071,0.054
234,4,1257.589890093509,1,1,913,11.795,2.981,0.487,-0.263,0.874,0.074,0.051
235,1,624.3649045192493,0,0,124,10.706,2.919,0.597,0.197,0.661,0.282,0.056
235,2,981.3645242074956,0,0,127,10.841,2.921,0.598,0.052,0.685,0.276,0.039
235,3,991.5861812851514,0,1,123,11.015,2.935,0.585,0.068,0.675,0.285,0.041
235,4,1516.0325230143935,0,1,122,11.273,2.902,0.541,0.051,0.697,0.262,0.041
236,1,858.1531359104283,0,0,288,11.188,2.896,0.59,0.181,0.503,0.278,0.219
236,2,1168.8682006942815,0,0,274,11.305,2.931,0.588,0.172,0.511,0.266,0.223
236,3,1416.8851926768352,0,1,337,11.541,2.997,0.579,0.071,0.534,0.246,0.22
236,4,1382.6557092338783,0,1,322,11.531,3.13,0.553,0.03,0.537,0.236,0.227
237,1,828.2918693374789,1,0,1805,11.398,3.014,0.526,0.028,0.634,0.25,0.115
237,2,968.578493597404,1,0,1853,11.546,3.012,0.519,-0.027,0.633,0.262,0.105
237,3,1223.1711314805173,1,1,1860,11.589,3.002,0.514,-0.06,0.633,0.26,0.106
237,4,1366.2210568323255,1,1,1787,11.586,2.994,0.512,-0.069,0.63,0.26,0.11
238,1,718.1577292071136,0,0,549,11.169,3.044,0.566,0.065,0.455,0.41,0.135
238,2,941.1069691423021,0,0,521,11.114,3.038,0.566,0.075,0.455,0.411,0.134
238,3,1201.0507587799646,0,1,684,11.168,3.053,0.576,0.062,0.465,0.402,0.133
238,4,1198.322837544833,0,1,643,11.239,3.103,0.577,0.031,0.462,0.404,0.134
239,1,876.4991602053523,1,0,1200,11.649,3.022,0.468,-0.216,0.578,0.374,0.048
239,2,1015.5620421864452,1,0,1166,11.7,3.045,0.465,-0.222,0.586,0.368,0.046
239,3,1301.80431819976,1,1,1153,11.667,3.037,0.472,-0.216,0.597,0.357,0.046
239,4,1236.2453634865883,1,1,1197,11.658,3.012,0.474,-0.233,0.598,0.36,0.042
240,1,1078.664084936838,1,0,224,12.32,3.067,0.491,-0.299,0.562,0.384,0.054
240,2,1342.1570653237195,1,0,229,12.367,3.092,0.498,-0.308,0.55,0.402,0.048
240,3,1255.641432062279,1,1,237,12.314,3.072,0.506,-0.372,0.561,0.392,0.046
240,4,1236.3424042559482,1,1,281,12.234,3.036,0.473,-0.484,0.559,0.399,0.043
241,1,909.0691177528016,0,0,347,11.024,3.023,0.556,0.269,0.72,0.124,0.156
241,2,1135.1870542901293,0,0,361,11.084,3.008,0.54,0.198,0.726,0.136,0.139
241,3,1418.6237267842405,0,1,364,11.198,3.016,0.538,0.171,0.745,0.118,0.137
241,4,1516.681948431594,0,1,344,11.275,3.047,0.547,0.134,0.753,0.11,0.137
242,1,800.3034492596121,0,0,243,10.777,2.934,0.621,0.423,0.712,0.21,0.078
242,2,1548.598973607702,0,0,227,10.797,2.947,0.621,0.412,0.709,0.207,0.084
242,3,1075.1310593109156,0,1,252,10.989,2.861,0.603,0.323,0.69,0.198,0.111
242,4,1132.8629302648742,0,1,266,10.936,2.876,0.613,0.222,0.684,0.211,0.105
243,1,722.0339627904401,0,0,1099,11.576,3.058,0.496,-0.138,0.714,0.234,0.052
243,2,877.6982504656085,0,0,1060,11.661,3.058,0.507,-0.119,0.712,0.229,0.058
243,3,1036.7257424633644,0,1,1003,11.681,3.072,0.517,-0.124,0.724,0.223,0.053
243,4,1132.4524407656309,0,1,1033,11.712,3.076,0.51,-0.156,0.718,0.224,0.058
244,1,601.9730270795181,0,0,333,11.759,2.811,0.547,0.081,0.739,0.219,0.042
244,2,930.7156611059115,0,0,323,11.821,2.817,0.542,0.092,0.724,0.226,0.05
244,3,1059.4337625905998,0,1,320,11.93,2.803,0.547,0.102,0.703,0.238,0.059
244,4,1347.5365842529,0,1,320,11.793,2.834,0.547,0.082,0.719,0.225,0.056
245,1,859.6531543496623,0,0,1805,11.583,3.004,0.516,-0.022,0.402,0.448,0.151
245,2,966.5323886052462,0,0,1768,11.531,2.995,0.518,-0.026,0.409,0.436,0.155
245,3,1109.3967382072772,0,1,1733,11.451,3.003,0.514,-0.046,0.418,0.431,0.151
245,4,1173.365183190631,0,1,1711,11.511,3.022,0.514,-0.06,0.414,0.432,0.154
246,1,893.3453441921921,0,0,280,11.033,3.182,0.579,0.156,0.893,0.075,0.032
246,2,1220.0089470022897,0,0,266,10.998,3.169,0.571,0.165,0.891,0.075,0.034
246,3,1072.41625184483,0,1,293,11.115,3.195,0.56,0.099,0.894,0.072,0.034
246,4,1168.5749341801636,0,1,306,11.074,3.212,0.559,0.057,0.892,0.069,0.039
247,1,997.4599020436411,0,0,332,10.65,3.163,0.62,0.45,0.819,0.096,0.084
247,2,1208.4788941694103,0,0,351,10.818,3.188,0.604,0.386,0.803,0.103,0.094
247,3,1447.5823366273585,0,1,343,10.946,3.166,0.606,0.344,0.819,0.093,0.087
247,4,1704.1149537248557,0,1,318,11.118,3.204,0.594,0.293,0.824,0.091,0.085
248,1,764.1625649587334,0,0,718,11.312,2.933,0.553,0.201,0.653,0.152,0.195
248,2,1033.2137155189612,0,0,703,11.321,2.964,0.548,0.205,0.656,0.152,0.192
248,3,1118.9700634854207,0,1,718,11.476,2.971,0.539,0.124,0.652,0.159,0.189
248,4,1429.7936581169997,0,1,700,11.404,2.969,0.544,0.095,0.65,0.163,0.187
249,1,600.1197455955934,0,0,267,12.09,3.034,0.502,-0.258,0.708,0.127,0.165
249,2,764.4560973361472,0,0,301,11.914,2.937,0.472,-0.291,0.718,0.123,0.159
249,3,935.7870573881303,0,1,298,11.746,2.95,0.48,-0.257,0.715,0.131,0.154
249,4,1032.1706035339632,0,1,297,11.994,2.946,0.465,-0.287,0.724,0.118,0.158
250,1,1087.170037723591,1,0,1370,11.081,3.004,0.585,0.316,0.694,0.179,0.127
250,2,1345.0355753409283,1,0,1397,11.17,3.017,0.57,0.236,0.706,0.173,0.121
250,3,1357.7723831946478,1,1,1370,11.208,3.029,0.565,0.203,0.704,0.175,0.121
250,4,1508.860272098316,1,1,1341,11.305,2.986,0.566,0.117,0.696,0.183,0.12
251,1,761.6312297193257,0,0,182,11.621,2.918,0.593,0.193,0.758,0.17,0.071
251,2,926.523009153191,0,0,181,11.413,2.917,0.591,0.146,0.735,0.193,0.072
251,3,1081.576102036436,0,1,174,11.901,2.92,0.546,0.024,0.718,0.213,0.069
251,4,1367.8815131223025,0,1,178,12.042,2.882,0.545,-0.076,0.725,0.208,0.067
252,1,637.0244428974597,0,0,307,11.578,3.033,0.59,0.084,0.756,0.137,0.107
252,2,792.1008937115465,0,0,289,11.484,3.01,0.581,0.05,0.765,0.145,0.09
252,3,1097.4634527581666,0,1,305,11.479,3.023,0.554,-0.032,0.754,0.154,0.092
252,4,1181.0193983159738,0,1,296,11.419,3.051,0.53,-0.083,0.753,0.152,0.095
253,1,1091.4421846371008,0,0,822,11.268,2.959,0.538,0.212,0.579,0.354,0.067
253,2,1106.7014303100048,0,0,928,11.303,3.011,0.539,0.171,0.601,0.337,0.061
253,3,1329.1837151134544,0,1,904,11.263,2.979,0.541,0.17,0.596,0.338,0.065
253,4,1401.0064839926156,0,1,877,11.399,3.005,0.536,0.109,0.6,0.336,0.064
254,1,1246.119394890544,0,0,232,11.742,3.039,0.586,0.313,0.711,0.207,0.082
254,2,1227.3972776125815,0,0,228,11.838,2.93,0.535,0.255,0.702,0.211,0.088
254,3,1372.584169367304,0,1,224,11.867,2.973,0.513,0.182,0.705,0.219,0.076
254,4,1616.5538823850552,0,1,214,11.794,3.028,0.509,0.13,0.696,0.224,0.079
255,1,903.1040241503399,1,0,1098,11.696,2.982,0.495,-0.189,0.727,0.122,0.151
255,2,1047.38619077147,1,0,1078,11.659,2.972,0.494,-0.16,0.728,0.119,0.153
255,3,1325.4519846209487,1,1,1031,11.647,2.952,0.496,-0.196,0.719,0.126,0.155
255,4,1315.692361324174,1,1,1062,11.823,2.922,0.487,-0.297,0.716,0.126,0.158
256,1,718.4495369638965,1,0,701,12.726,2.973,0.357,-0.899,0.78,0.147,0.073
256,2,584.1678207841327,1,0,655,12.638,2.971,0.38,-0.84,0.771,0.151,0.078
256,3,781.1751823786517,1,1,746,12.5,2.916,0.395,-0.766,0.771,0.154,0.075
256,4,899.0804009673254,1,1,737,12.379,2.898,0.404,-0.712,0.765,0.156,0.079
257,1,622.8246710270953,0,0,64,11.684,2.953,0.453,-0.25,0.719,0.203,0.078
257,2,594.2959691135156,0,0,80,10.61,2.862,0.475,0.041,0.812,0.125,0.062
257,3,897.9054781336779,0,1,95,10.817,2.842,0.495,0.048,0.811,0.116,0.074
257,4,1489.7005563751432,0,1,120,10.776,2.883,0.517,-0.023,0.817,0.108,0.075
258,1,873.3450610307073,0,0,403,11.019,3.042,0.521,0.049,0.65,0.194,0.156
258,2,1165.614558003705,0,0,412,10.985,3.063,0.527,0.07,0.663,0.187,0.15
258,3,1295.4338029023536,0,1,400,11.073,3.058,0.527,0.025,0.675,0.178,0.148
258,4,1321.0585104795514,0,1,377,11.098,3.095,0.52,-0.05,0.69,0.167,0.143
259,1,674.4916304662638,0,0,145,12.058,3.048,0.483,-0.215,0.917,0.076,0.007
259,2,924.94464175846,0,0,142,12.149,3.035,0.507,-0.186,0.93,0.063,0.007
259,3,832.6354483749909,0,1,154,12.372,2.994,0.494,-0.223,0.896,0.078,0.026
259,4,1184.6400111902713,0,1,193,12.181,2.995,0.492,-0.273,0.902,0.078,0.021
260,1,853.2911420291871,0,0,1805,11.326,2.983,0.564,0.179,0.716,0.197,0.088
260,2,1048.0999234581996,0,0,1798,11.338,2.979,0.563,0.146,0.718,0.197,0.085
260,3,1183.326722864386,0,1,1787,11.319,2.984,0.565,0.112,0.717,0.19,0.092
260,4,1430.414468363848,0,1,1669,11.414,2.995,0.561,0.08,0.714,0.195,0.092
261,1,829.0421659877344,1,0,152,11.535,3.053,0.599,0.404,0.776,0.151,0.072
261,2,937.5826479616924,1,0,174,11.401,3.075,0.569,0.271,0.793,0.138,0.069
261,3,1363.6704355754491,1,1,175,11.402,3.08,0.56,0.209,0.777,0.16,0.063
261,4,1098.4907722455796,1,1,161,11.396,3.056,0.578,0.225,0.783,0.155,0.062
262,1,967.3716618668471,0,0,1541,11.553,2.929,0.515,0.017,0.38,0.406,0.214
262,2,1120.253635091521,0,0,1453,11.593,2.932,0.52,0.001,0.381,0.409,0.21
262,3,1159.844702951123,0,1,1478,11.564,2.927,0.527,0.003,0.384,0.403,0.213
262,4,1185.8112599451242,0,1,1585,11.777,2.934,0.514,-0.164,0.389,0.403,0.208
263,1,999.2044795599767,1,0,893,11.407,2.961,0.554,0.136,0.589,0.251,0.16
263,2,1140.5576100799644,1,0,880,11.375,2.953,0.552,0.12,0.598,0.239,0.164
263,3,1397.2829876380963,1,1,857,11.359,2.947,0.541,0.065,0.608,0.23,0.162
263,4,1507.1536300364025,1,1,912,11.43,2.954,0.553,0.049,0.605,0.232,0.162
264,1,908.6523248977312,1,0,224,11.476,2.951,0.567,0.085,0.621,0.304,0.076
264,2,1065.0144406131608,1,0,217,11.678,2.945,0.576,0.094,0.627,0.3,0.074
264,3,1508.6581974458013,1,1,215,11.557,2.949,0.563,0.081,0.605,0.316,0.079
264,4,2082.3868811304624,1,1,215,11.564,2.935,0.586,0.083,0.628,0.302,0.07
265,1,816.0837688729615,0,0,1662,11.453,3.035,0.543,0.033,0.611,0.298,0.091
265,2,942.8664406229296,0,0,1600,11.438,3.043,0.55,0.045,0.618,0.289,0.093
265,3,1130.2167218884945,0,1,1666,11.479,3.018,0.535,-0.032,0.613,0.295,0.092
265,4,1210.9862680034637,0,1,1631,11.52,2.985,0.518,-0.133,0.614,0.293,0.093
266,1,796.5448202097024,1,0,427,11.072,3.019,0.574,0.209,0.857,0.108,0.035
266,2,1125.4885011233687,1,0,428,11.014,3.007,0.558,0.212,0.85,0.114,0.035
266,3,1151.5622303682032,1,1,533,11.123,2.957,0.529,0.059,0.848,0.118,0.034
266,4,1448.1915168858081,1,1,515,11.08,2.979,0.546,0.045,0.85,0.111,0.039
267,1,690.1503876963449,0,0,822,11.918,3.122,0.464,-0.217,0.612,0.158,0.23
267,2,901.5549724844147,0,0,842,11.925,3.133,0.46,-0.27,0.597,0.164,0.239
267,3,973.7210739175449,0,1,827,11.897,3.14,0.469,-0.243,0.605,0.164,0.231
267,4,1049.8784340607904,0,1,835,11.842,3.12,0.472,-0.272,0.599,0.172,0.229
268,1,965.8385826132252,0,0,287,11.272,2.986,0.596,0.3,0.833,0.118,0.049
268,2,1087.478557371329,0,0,330,11.305,3.03,0.585,0.223,0.821,0.13,0.048
268,3,1395.0292409986394,0,1,350,11.338,3.04,0.589,0.149,0.831,0.117,0.051
268,4,1594.3223642704963,0,1,351,11.356,3.074,0.598,0.129,0.843,0.111,0.046
269,1,902.9634143985043,0,0,574,11.945,3.017,0.498,-0.15,0.758,0.197,0.045
269,2,827.9032195032557,0,0,561,11.861,2.98,0.513,-0.097,0.756,0.198,0.046
269,3,1051.740782327269,0,1,602,11.963,2.963,0.498,-0.097,0.754,0.201,0.045
269,4,1065.4918839249092,0,1,576,11.848,2.927,0.498,-0.089,0.769,0.186,0.045
270,1,833.6634684115652,0,0,180,11.485,3.128,0.528,0.028,0.772,0.122,0.106
270,2,955.8727364532672,0,0,180,11.495,3.172,0.539,0.019,0.783,0.117,0.1
270,3,1079.5337516281359,0,1,177,11.722,3.096,0.525,-0.041,0.785,0.113,0.102
270,4,1067.1137265074985,0,1,168,11.665,3.143,0.518,-0.087,0.81,0.089,0.101
271,1,911.9889256120152,0,0,892,11.178,3.063,0.576,0.284,0.763,0.216,0.02
271,2,1253.303428305795,0,0,878,11.399,3.048,0.558,0.166,0.769,0.212,0.019
271,3,1243.785771739247,0,1,908,11.33,3.056,0.556,0.126,0.776,0.205,0.019
271,4,1457.9673164531478,0,1,885,11.331,3.086,0.545,0.081,0.767,0.214,0.019
272,1,650.4437720670876,1,0,384,11.296,3.128,0.495,0.028,0.682,0.268,0.049
272,2,1121.9090305742386,1,0,370,11.425,3.132,0.481,0,0.692,0.27,0.038
272,3,1189.8914917902023,1,1,352,11.372,3.071,0.514,-0.036,0.685,0.273,0.043
272,4,1304.1173197108392,1,1,362,11.652,3.075,0.497,-0.094,0.682,0.276,0.041
273,1,845.2241384300625,0,0,1373,12.012,3.063,0.474,-0.287,0.893,0.047,0.06
273,2,954.5411291505997,0,0,1309,12,3.04,0.481,-0.271,0.894,0.05,0.056
273,3,1100.4795622341205,0,1,1280,11.885,3.071,0.485,-0.24,0.895,0.051,0.055
273,4,1270.434162828922,0,1,1390,11.725,3.117,0.499,-0.205,0.896,0.05,0.054
274,1,942.5594535886987,1,0,64,12.104,3.531,0.484,-0.088,0.703,0.156,0.141
274,2,1191.5504888434095,1,0,65,11.843,3.446,0.508,-0.048,0.646,0.2,0.154
274,3,1017.9456627114587,1,1,126,11.632,3.167,0.468,-0.154,0.683,0.198,0.119
274,4,1123.3407427937182,1,1,123,11.207,3.244,0.472,-0.153,0.691,0.195,0.114
275,1,644.6918362756568,0,0,301,11.643,2.98,0.522,-0.11,0.738,0.213,0.05
275,2,983.904225495032,0,0,294,11.684,2.908,0.524,-0.16,0.731,0.221,0.048
275,3,1071.6237257618177,0,1,307,11.868,3.013,0.515,-0.178,0.746,0.215,0.039
275,4,1062.0886847661905,0,1,291,11.704,3.021,0.498,-0.173,0.735,0.227,0.038
276,1,792.870221243489,1,0,1200,12.234,3.004,0.449,-0.355,0.576,0.233,0.191
276,2,814.6801660729375,1,0,1200,12.126,3.058,0.46,-0.32,0.57,0.236,0.194
276,3,1002.9860820777238,1,1,1203,12.067,3.067,0.461,-0.311,0.572,0.231,0.197
276,4,1132.756515851338,1,1,1143,12.055,3.033,0.465,-0.303,0.574,0.23,0.196
277,1,691.1545688316193,0,0,258,11.427,2.965,0.535,-0.061,0.841,0.07,0.089
277,2,938.8710305637479,0,0,265,11.605,2.925,0.536,-0.098,0.834,0.083,0.083
277,3,832.7458496344343,0,1,307,11.468,2.945,0.515,-0.156,0.85,0.075,0.075
277,4,1146.145316652428,0,1,309,11.463,2.913,0.528,-0.178,0.838,0.084,0.078
278,1,702.4833319946284,1,0,353,12.596,2.935,0.484,-0.441,0.521,0.377,0.102
278,2,798.9013585992133,1,0,342,12.676,2.944,0.491,-0.386,0.515,0.38,0.105
278,3,1139.149149225425,1,1,351,12.474,2.934,0.496,-0.338,0.51,0.385,0.105
278,4,1168.8323700738886,1,1,335,12.595,2.925,0.493,-0.331,0.501,0.388,0.11
279,1,919.2300550523122,0,0,484,11.717,2.849,0.502,-0.011,0.864,0.081,0.056
279,2,995.0404623949705,0,0,462,11.717,2.924,0.5,0,0.87,0.078,0.052
279,3,1070.3628058288134,0,1,473,11.575,2.926,0.488,-0.033,0.873,0.072,0.055
279,4,1131.965658064596,0,1,453,11.426,2.841,0.472,-0.1,0.881,0.077,0.042
280,1,981.1901133271195,1,0,632,11.726,2.997,0.581,0,0.606,0.248,0.146
280,2,1179.986542198459,1,0,652,11.688,3.06,0.566,-0.021,0.601,0.256,0.143
280,3,1201.019266428846,1,1,628,11.77,3.046,0.567,-0.03,0.591,0.261,0.148
280,4,1439.5776104696026,1,1,641,11.846,3.048,0.554,-0.085,0.594,0.27,0.136
281,1,959.507128102999,0,0,279,11.135,3.036,0.552,0.209,0.595,0.265,0.14
281,2,1010.0777634615154,0,0,290,11.346,3.086,0.541,0.127,0.586,0.272,0.141
281,3,1288.8504067297436,0,1,280,11.472,3.114,0.546,0.162,0.571,0.279,0.15
281,4,1535.526730234067,0,1,278,11.743,3.032,0.554,0.121,0.561,0.295,0.144
282,1,951.8086409444433,0,0,630,11.311,3.046,0.595,0.179,0.606,0.249,0.144
282,2,966.0883027990662,0,0,638,11.425,3.063,0.575,0.115,0.603,0.24,0.157
282,3,1331.5108224555242,0,1,605,11.437,3.104,0.574,0.126,0.607,0.238,0.155
282,4,1361.5080500587117,0,1,573,11.458,3.124,0.557,0.055,0.604,0.244,0.152
283,1,1179.7973705759914,0,0,273,10.817,2.879,0.59,0.403,0.769,0.194,0.037
283,2,1032.7413432822814,0,0,276,10.897,2.866,0.587,0.359,0.757,0.203,0.04
283,3,1235.90508859011,0,1,288,10.995,2.885,0.59,0.318,0.757,0.201,0.042
283,4,1461.1310711731871,0,1,267,11.071,2.865,0.599,0.332,0.768,0.191,0.041
284,1,1103.8580697606353,1,0,353,11.123,2.989,0.601,0.205,0.578,0.278,0.144
284,2,1505.8686301479102,1,0,335,11.135,2.937,0.594,0.2,0.579,0.275,0.146
284,3,1345.6841245671646,1,1,305,11.228,2.941,0.577,0.149,0.593,0.262,0.144
284,4,1389.6574545912936,1,1,335,11.458,3,0.585,0.059,0.582,0.266,0.152
285,1,858.7544842635064,0,0,386,11.722,2.889,0.482,-0.314,0.912,0.034,0.054
285,2,951.0408414726779,0,0,372,11.616,2.933,0.489,-0.283,0.909,0.032,0.059
285,3,1042.383533957927,0,1,367,11.515,2.965,0.482,-0.334,0.91,0.03,0.06
285,4,1171.0529840959257,0,1,344,11.573,2.956,0.483,-0.355,0.91,0.032,0.058
286,1,1026.1145346490175,0,0,843,11.186,2.913,0.58,0.143,0.829,0.083,0.088
286,2,1027.0118020130817,0,0,843,11.226,2.892,0.575,0.111,0.83,0.081,0.089
286,3,1191.698103261358,0,1,883,11.237,2.952,0.573,0.064,0.839,0.08,0.08
286,4,1353.619891079668,0,1,878,11.336,2.967,0.569,0.055,0.839,0.08,0.081
287,1,751.4489632466635,0,0,2285,11.821,3.005,0.512,-0.097,0.453,0.269,0.278
287,2,902.1959538384579,0,0,2230,11.762,2.99,0.51,-0.114,0.457,0.27,0.272
287,3,954.539952606542,0,1,2362,11.791,2.981,0.506,-0.154,0.46,0.266,0.273
287,4,1154.331179626247,0,1,2246,11.824,2.98,0.51,-0.174,0.46,0.267,0.273
288,1,892.3831433391068,1,0,100,11.317,2.89,0.56,0.151,0.78,0.16,0.06
288,2,1367.458212337783,1,0,96,11.107,2.865,0.573,0.167,0.792,0.146,0.062
288,3,1231.8111208132143,1,1,95,10.858,2.874,0.547,0.084,0.8,0.147,0.053
288,4,1566.3595953754054,1,1,97,10.89,2.856,0.557,0.131,0.814,0.134,0.052
289,1,1047.1618082457621,1,0,1309,11.259,3.031,0.59,0.298,0.746,0.2,0.054
289,2,1171.3502063923656,1,0,1240,11.174,3.002,0.59,0.306,0.747,0.198,0.056
289,3,1370.9485221652715,1,1,1201,11.187,3.037,0.59,0.287,0.748,0.196,0.057
289,4,1537.6411441062771,1,1,1187,11.313,3.017,0.582,0.201,0.747,0.201,0.052
290,1,756.2451444836879,1,0,527,11.612,2.903,0.509,-0.121,0.791,0.14,0.068
290,2,866.1085921423221,1,0,510,11.599,2.912,0.494,-0.11,0.802,0.131,0.067
290,3,1021.8214709665857,1,1,501,11.593,2.94,0.487,-0.105,0.794,0.13,0.076
290,4,1128.1203205824872,1,1,526,11.577,2.954,0.477,-0.204,0.789,0.137,0.074
291,1,909.8151387203206,1,0,843,11.199,3.005,0.539,0.13,0.645,0.274,0.081
291,2,1049.3364297468654,1,0,830,11.27,2.988,0.54,0.103,0.635,0.275,0.09
291,3,1418.623297473839,1,1,883,11.235,2.994,0.54,0.041,0.647,0.264,0.089
291,4,1360.6938361881616,1,1,885,11.258,3.018,0.518,-0.055,0.627,0.277,0.096
292,1,842.1934391618602,0,0,318,10.765,2.934,0.557,0.34,0.742,0.145,0.113
292,2,1147.5727829261339,0,0,318,10.862,2.984,0.557,0.273,0.745,0.148,0.107
292,3,1216.5943799090905,0,1,313,10.973,2.984,0.565,0.202,0.728,0.153,0.118
292,4,1320.943626888681,0,1,344,11.091,2.948,0.547,0.102,0.73,0.174,0.096
293,1,1154.829272046889,1,0,699,11.295,2.97,0.582,0.289,0.595,0.295,0.11
293,2,1357.4516133937611,1,0,703,11.249,2.993,0.592,0.269,0.589,0.306,0.105
293,3,1577.6992424307396,1,1,684,11.321,2.975,0.588,0.222,0.589,0.304,0.107
293,4,1837.0517448925195,1,1,673,11.475,2.985,0.562,0.124,0.585,0.303,0.111
294,1,897.1252397637292,1,0,800,11.386,3.109,0.59,0.177,0.703,0.17,0.128
294,2,1218.273673176042,1,0,775,11.336,3.103,0.599,0.183,0.698,0.175,0.126
294,3,1448.9419445315152,1,1,776,11.448,3.072,0.597,0.116,0.691,0.178,0.131
294,4,1476.1146428684217,1,1,744,11.536,3.098,0.577,0.015,0.698,0.177,0.125
295,1,860.3835353152662,0,0,236,10.511,2.915,0.657,0.537,0.648,0.225,0.127
295,2,1427.3780512308651,0,0,239,10.699,2.9,0.632,0.504,0.64,0.226,0.134
295,3,1999.0467548380532,0,1,231,10.903,2.905,0.61,0.411,0.632,0.225,0.143
295,4,1746.605805711964,0,1,230,11.045,2.891,0.578,0.343,0.613,0.243,0.143
296,1,728.3102530060398,0,0,550,11.414,3.027,0.556,0.189,0.689,0.247,0.064
296,2,991.9187021340379,0,0,580,11.424,3.024,0.567,0.127,0.678,0.25,0.072
296,3,1028.7779185694499,0,1,595,11.378,2.993,0.565,0.109,0.676,0.25,0.074
296,4,1181.700287925044,0,1,581,11.253,2.988,0.571,0.09,0.678,0.256,0.065
297,1,825.1300903298005,0,0,1540,11.434,2.966,0.539,0.047,0.692,0.198,0.11
297,2,1046.928829115512,0,0,1518,11.407,2.951,0.547,0.039,0.689,0.198,0.113
297,3,1085.9143486841385,0,1,1573,11.497,2.947,0.536,0.014,0.695,0.192,0.113
297,4,1297.1176250638969,0,1,1589,11.536,2.957,0.524,-0.043,0.692,0.198,0.11
298,1,960.7572672487208,1,0,183,10.985,2.995,0.623,0.377,0.65,0.208,0.142
298,2,1048.1097088252611,1,0,172,11.091,2.983,0.657,0.383,0.645,0.209,0.145
298,3,1576.1222354260121,1,1,183,11.273,2.984,0.634,0.287,0.65,0.213,0.137
298,4,1343.612334290012,1,1,207,11.827,3.068,0.589,0.145,0.647,0.203,0.15
299,1,952.3622921701188,1,0,486,11.309,3.093,0.475,-0.183,0.638,0.148,0.214
299,2,977.8619075194184,1,0,486,11.451,3.07,0.477,-0.177,0.65,0.146,0.204
299,3,1353.9178590854742,1,1,467,11.555,3.073,0.473,-0.192,0.657,0.146,0.197
299,4,1473.9290599635963,1,1,441,11.427,3.088,0.474,-0.207,0.655,0.15,0.195
300,1,885.2748193021087,1,0,632,11.306,3.103,0.53,0.194,0.778,0.109,0.112
300,2,1012.0050179933025,1,0,704,11.395,3.065,0.527,0.078,0.794,0.105,0.101
300,3,1155.722984626569,1,1,687,11.577,3.08,0.53,0.033,0.795,0.106,0.099
300,4,1306.3580383457413,1,1,665,11.629,3.06,0.52,0.005,0.797,0.107,0.096
301,1,916.2680328630955,1,0,280,11.272,3.054,0.554,0.037,0.625,0.304,0.071
301,2,1178.277670812865,1,0,270,11.254,3.048,0.559,0.063,0.607,0.322,0.07
301,3,1244.255563137592,1,1,260,11.123,3.119,0.554,0.057,0.619,0.304,0.077
301,4,1281.266118072343,1,1,269,11.192,3.059,0.539,-0.039,0.625,0.312,0.063
302,1,763.9401027654063,1,0,1663,12.169,3.043,0.458,-0.397,0.939,0.04,0.02
302,2,895.7353125763377,1,0,1684,12.159,3.037,0.476,-0.336,0.942,0.038,0.02
302,3,968.3110515048405,1,1,1607,12.1,3.027,0.475,-0.33,0.943,0.037,0.02
302,4,1229.965203427991,1,1,1558,12.095,3.041,0.482,-0.325,0.942,0.038,0.02
303,1,1656.2161691852355,1,0,148,10.427,2.804,0.682,0.476,0.635,0.297,0.068
303,2,1365.3968811194777,1,0,154,10.356,2.825,0.662,0.461,0.649,0.273,0.078
303,3,1628.0715287454382,1,1,153,10.617,2.876,0.614,0.417,0.647,0.275,0.078
303,4,1720.6929225356653,1,1,156,10.999,2.859,0.622,0.286,0.654,0.25,0.096
304,1,651.5135680260564,1,0,427,12.423,3.08,0.429,-0.481,0.864,0.103,0.033
304,2,830.9997818018769,1,0,436,12.45,3.057,0.429,-0.491,0.869,0.096,0.034
304,3,1020.8964070325184,1,1,431,12.155,3.121,0.452,-0.443,0.863,0.1,0.037
304,4,1146.7617672441045,1,1,418,12.091,3.074,0.464,-0.392,0.873,0.089,0.038
305,1,987.5395173191554,0,0,265,11.397,2.955,0.585,0.119,0.657,0.158,0.185
305,2,1190.316296265359,0,0,266,11.385,2.921,0.586,0.128,0.669,0.165,0.165
305,3,1157.1403355267414,0,1,252,11.269,2.944,0.595,0.147,0.667,0.159,0.175
305,4,1137.6568343661268,0,1,294,11.379,2.898,0.561,-0.02,0.65,0.167,0.184
306,1,970.2472250232181,0,0,344,11.296,2.75,0.544,0.138,0.698,0.177,0.125
306,2,990.5276256461306,0,0,340,11.199,2.756,0.547,0.144,0.706,0.174,0.121
306,3,1114.2870304431553,0,1,390,11.12,2.767,0.528,0.08,0.695,0.177,0.128
306,4,1266.8594574289025,0,1,383,11.165,2.762,0.535,0.063,0.695,0.18,0.125
307,1,700.071950053738,1,0,678,12.147,2.951,0.444,-0.449,0.668,0.221,0.111
307,2,871.341862169788,1,0,726,12.217,2.946,0.43,-0.525,0.658,0.226,0.116
307,3,974.4246850094626,1,1,720,11.989,2.915,0.439,-0.467,0.651,0.228,0.121
307,4,1014.0331657327404,1,1,675,12.081,2.889,0.441,-0.457,0.65,0.234,0.116
308,1,741.5665449511508,1,0,253,11.639,3.099,0.506,-0.149,0.545,0.289,0.166
308,2,977.7934039513972,1,0,259,11.551,3.05,0.517,-0.063,0.56,0.278,0.162
308,3,1208.9469545809118,1,1,246,11.549,2.955,0.512,-0.069,0.553,0.28,0.167
308,4,1385.4918832447343,1,1,251,11.614,2.968,0.514,-0.103,0.55,0.283,0.167
309,1,559.9320122537863,0,0,146,11.275,2.747,0.507,-0.184,0.795,0.137,0.068
309,2,823.5955436493139,0,0,160,11.196,2.862,0.506,-0.188,0.8,0.138,0.062
309,3,987.3091169349958,0,1,181,11.486,2.906,0.486,-0.215,0.796,0.149,0.055
309,4,1036.8375993959787,0,1,194,11.544,2.985,0.464,-0.299,0.814,0.139,0.046
310,1,671.6081152224501,1,0,588,12.223,3.058,0.417,-0.743,0.716,0.231,0.053
310,2,732.689114046379,1,0,569,12.191,3.086,0.425,-0.711,0.707,0.234,0.06
310,3,1048.5977783865133,1,1,548,12.212,3.051,0.418,-0.659,0.708,0.235,0.057
310,4,1028.6378082973433,1,1,561,12.034,3.084,0.433,-0.613,0.69,0.246,0.064
311,1,709.1293806427427,0,0,645,11.012,3.029,0.552,0.159,0.637,0.333,0.029
311,2,933.4165732908533,0,0,695,11.173,3.004,0.538,0.11,0.617,0.354,0.029
311,3,1059.8039024050113,0,1,687,11.092,3.022,0.533,0.118,0.632,0.336,0.032
311,4,1278.8959975354526,0,1,687,11.186,3.061,0.54,0.074,0.627,0.345,0.028
312,1,935.759709319868,1,0,921,11.187,2.957,0.554,0.177,0.661,0.229,0.11
312,2,1036.1342796280417,1,0,905,11.131,2.965,0.556,0.184,0.646,0.239,0.115
312,3,1319.4447184118471,1,1,928,11.122,2.958,0.554,0.157,0.643,0.244,0.113
312,4,1390.4232481061567,1,1,891,11.155,2.967,0.56,0.143,0.649,0.24,0.111
313,1,804.300749513537,0,0,1200,11.104,2.947,0.582,0.222,0.735,0.253,0.012
313,2,1078.11430395815,0,0,1197,11.216,2.947,0.567,0.191,0.729,0.259,0.012
313,3,1134.433388181117,0,1,1178,11.114,2.979,0.566,0.161,0.735,0.252,0.013
313,4,1310.327178242473,0,1,1162,11.161,2.983,0.548,0.035,0.737,0.251,0.012
314,1,1015.910733133209,1,0,1972,11.276,3.035,0.562,0.142,0.685,0.147,0.169
314,2,1212.880931267098,1,0,1936,11.333,3.043,0.558,0.146,0.681,0.146,0.173
314,3,1606.332628167764,1,1,1959,11.329,3.023,0.557,0.132,0.667,0.152,0.182
314,4,1591.7036900200608,1,1,1891,11.375,3.016,0.555,0.089,0.659,0.161,0.179
315,1,1005.7786713534198,1,0,485,11.872,2.926,0.561,-0.118,0.425,0.487,0.089
315,2,966.8273851272899,1,0,500,11.792,2.98,0.546,-0.076,0.42,0.48,0.1
315,3,1189.491899394585,1,1,496,11.992,3.022,0.552,-0.096,0.429,0.464,0.107
315,4,1245.927644647291,1,1,494,11.885,3.014,0.555,-0.121,0.423,0.455,0.121
316,1,1131.3418085497563,1,0,218,11.047,2.844,0.5,-0.191,0.56,0.33,0.11
316,2,1192.2936298880961,1,0,206,11.047,2.917,0.515,-0.161,0.563,0.335,0.102
316,3,1276.2963907724854,1,1,206,11.142,2.956,0.524,-0.171,0.558,0.34,0.102
316,4,1579.6976886020616,1,1,216,11.381,2.954,0.528,-0.182,0.56,0.333,0.106
317,1,1119.8437753594797,1,0,446,11.639,3.123,0.563,0.198,0.383,0.525,0.092
317,2,1231.088399220687,1,0,446,11.717,3.094,0.552,0.17,0.39,0.522,0.087
317,3,1362.383967622671,1,1,456,11.867,3.191,0.524,-0.009,0.386,0.518,0.096
317,4,1241.4457598659296,1,1,432,11.86,3.162,0.519,-0.035,0.387,0.519,0.095
318,1,894.6142414637917,1,0,262,12.164,3.084,0.534,-0.169,0.622,0.214,0.164
318,2,1139.5104431409418,1,0,279,12.019,3.039,0.516,-0.19,0.616,0.222,0.161
318,3,1158.3086429937423,1,1,267,12.111,3.026,0.502,-0.181,0.633,0.202,0.165
318,4,1184.0551108401683,1,1,271,12.273,2.967,0.524,-0.227,0.627,0.199,0.173
319,1,1011.1049462361143,1,0,217,11.463,2.889,0.47,-0.17,0.318,0.488,0.194
319,2,1029.9564029888622,1,0,208,11.352,2.913,0.481,-0.116,0.346,0.466,0.188
319,3,1109.8829678681595,1,1,226,11.495,2.894,0.478,-0.174,0.345,0.473,0.181
319,4,1257.267032996845,1,1,221,11.87,2.91,0.466,-0.237,0.348,0.48,0.172
320,1,813.6192259927761,0,0,503,11.435,3.066,0.569,0.174,0.903,0.064,0.034
320,2,1005.2751889893077,0,0,495,11.489,3.077,0.57,0.197,0.915,0.057,0.028
320,3,1194.2415153714567,0,1,528,11.525,3.032,0.568,0.133,0.913,0.062,0.025
320,4,1138.2256632870562,0,1,515,11.51,3.047,0.555,0.048,0.922,0.06,0.017
321,1,813.8124134640948,1,0,646,11.976,2.989,0.52,-0.189,0.776,0.142,0.082
321,2,1020.8640924032999,1,0,646,11.943,3.011,0.509,-0.144,0.774,0.141,0.085
321,3,1230.1738683090464,1,1,605,11.893,2.955,0.499,-0.164,0.78,0.134,0.086
321,4,1270.2900855843916,1,1,623,11.808,2.987,0.509,-0.159,0.783,0.128,0.088
322,1,841.425052954333,0,0,239,11.258,3.167,0.565,0.116,0.54,0.268,0.192
322,2,1134.3288010757867,0,0,262,11.47,3.156,0.553,0.105,0.511,0.282,0.206
322,3,1325.7057116908868,0,1,263,11.479,3.137,0.529,0.077,0.506,0.278,0.217
322,4,1137.5141119132063,0,1,276,11.419,3.112,0.507,-0.057,0.518,0.268,0.214
323,1,1247.9874513273692,1,0,410,10.781,2.976,0.624,0.361,0.839,0.117,0.044
323,2,1063.0137148771414,1,0,442,10.996,2.952,0.59,0.232,0.835,0.12,0.045
323,3,1264.742140493804,1,1,503,11.063,2.915,0.561,0.03,0.827,0.125,0.048
323,4,1204.9830339245636,1,1,574,11.392,2.939,0.526,-0.158,0.812,0.132,0.056
324,1,965.8091267916687,0,0,102,12.412,2.627,0.451,-0.362,0.784,0.118,0.098
324,2,1528.8973599266344,0,0,105,12.327,2.648,0.448,-0.366,0.752,0.114,0.133
324,3,1193.4524443859816,0,1,90,12.229,2.7,0.444,-0.351,0.733,0.133,0.133
324,4,787.6056414768975,0,1,115,12.091,2.687,0.47,-0.32,0.774,0.13,0.096
325,1,1187.2455590864918,0,0,188,11.335,3.106,0.649,0.325,0.761,0.149,0.09
325,2,1241.8262462985253,0,0,200,11.36,3.035,0.62,0.271,0.76,0.15,0.09
325,3,1624.6747230576364,0,1,217,11.233,3.111,0.618,0.165,0.733,0.171,0.097
325,4,1549.615255663077,0,1,221,11.377,3.068,0.584,0.107,0.71,0.195,0.095
326,1,858.2834603334747,1,0,603,11.886,3.035,0.498,-0.126,0.448,0.323,0.229
326,2,1109.0302383239048,1,0,610,11.705,3.074,0.498,-0.098,0.43,0.328,0.243
326,3,1197.4961482335227,1,1,580,11.773,3.05,0.491,-0.107,0.422,0.338,0.24
326,4,1389.6632712707594,1,1,605,11.743,3.043,0.496,-0.086,0.425,0.332,0.243
327,1,543.7964569683766,0,0,1056,12.734,2.945,0.384,-0.98,0.786,0.147,0.067
327,2,565.3011369863276,0,0,994,12.758,2.969,0.386,-0.956,0.785,0.147,0.068
327,3,577.7319784672916,0,1,930,12.669,2.988,0.405,-0.865,0.79,0.141,0.069
327,4,683.8569930891565,0,1,892,12.53,2.975,0.419,-0.784,0.774,0.152,0.074
328,1,740.299508036017,0,0,187,10.923,3.032,0.588,-0.023,0.642,0.214,0.144
328,2,994.0016788488907,0,0,193,10.875,3.031,0.57,-0.027,0.632,0.218,0.15
328,3,1097.7487375666801,0,1,203,11.035,2.97,0.567,-0.107,0.635,0.202,0.163
328,4,1351.8499925321323,0,1,215,10.829,2.884,0.553,-0.121,0.642,0.205,0.153
329,1,827.0210805806825,1,0,394,11.148,2.909,0.558,0.22,0.69,0.17,0.14
329,2,911.0839541708542,1,0,418,11.364,2.99,0.543,0.153,0.682,0.17,0.148
329,3,1163.3646222189022,1,1,414,11.371,2.971,0.551,0.178,0.684,0.169,0.147
329,4,1277.9402746070368,1,1,413,11.729,2.969,0.53,-0.02,0.676,0.172,0.153
330,1,613.1796279530197,0,0,475,11.297,3.019,0.547,0.026,0.701,0.196,0.103
330,2,1118.7383563113008,0,0,474,11.397,3.044,0.527,-0.017,0.698,0.198,0.103
330,3,1055.7585881531013,0,1,461,11.354,3.104,0.542,-0.005,0.694,0.189,0.117
330,4,1392.6681175087015,0,1,444,11.18,3.155,0.55,-0.007,0.718,0.167,0.115
331,1,1176.1382599098588,1,0,3722,10.947,3.033,0.613,0.392,0.717,0.236,0.046
331,2,1443.3146930012404,1,0,3549,10.916,3.024,0.611,0.386,0.716,0.236,0.049
331,3,1526.3914025426832,1,1,3438,10.983,3.003,0.605,0.334,0.715,0.237,0.048
331,4,1774.0487241604694,1,1,3335,10.927,3.013,0.612,0.335,0.718,0.236,0.046
332,1,1030.702032233334,1,0,230,10.759,3.083,0.57,0.357,0.813,0.091,0.096
332,2,1323.1561541725243,1,0,233,10.63,3.03,0.584,0.331,0.811,0.086,0.103
332,3,1575.817814370025,1,1,242,10.682,3.041,0.603,0.29,0.789,0.087,0.124
332,4,1538.410355574224,1,1,230,10.964,3.035,0.574,0.177,0.822,0.074,0.104
333,1,907.4914856345702,1,0,400,10.688,2.933,0.603,0.357,0.432,0.36,0.208
333,2,1178.2955206213164,1,0,384,10.693,2.932,0.609,0.311,0.414,0.375,0.211
333,3,1475.8759599058162,1,1,375,10.735,2.947,0.592,0.261,0.429,0.352,0.219
333,4,1697.447686901791,1,1,358,10.834,2.972,0.587,0.23,0.447,0.338,0.215
334,1,933.2214256463511,0,0,371,11.308,3.081,0.539,0.099,0.744,0.094,0.162
334,2,1087.3085809591612,0,0,363,11.322,3.063,0.537,0.057,0.749,0.091,0.16
334,3,1028.3018262535522,0,1,353,11.286,3.093,0.51,-0.031,0.751,0.088,0.161
334,4,1391.7951072588144,0,1,343,11.359,3.105,0.507,-0.101,0.743,0.09,0.166
335,1,847.0535067297477,1,0,1141,12.393,2.916,0.441,-0.448,0.654,0.301,0.046
335,2,850.2424285585222,1,0,1053,12.331,2.896,0.443,-0.435,0.649,0.304,0.047
335,3,1053.1478210733544,1,1,1410,12.073,2.945,0.474,-0.399,0.644,0.309,0.047
335,4,1146.8718912014442,1,1,1360,11.929,2.908,0.487,-0.362,0.643,0.312,0.045
336,1,951.2039705333858,1,0,1462,11.735,3.049,0.505,-0.167,0.64,0.207,0.154
336,2,1145.0359265424577,1,0,1491,11.591,3.045,0.516,-0.126,0.645,0.205,0.151
336,3,1317.4476641590245,1,1,1431,11.575,3.023,0.535,-0.093,0.646,0.205,0.149
336,4,1426.0246063225695,1,1,1423,11.563,3.02,0.538,-0.118,0.637,0.204,0.158
337,1,903.6574908292425,0,0,426,11.365,3.028,0.587,0.247,0.789,0.12,0.092
337,2,1093.2684019823669,0,0,412,11.385,3.09,0.583,0.192,0.799,0.107,0.095
337,3,1258.5192433203426,0,1,396,11.452,3.126,0.573,0.136,0.793,0.111,0.096
337,4,1098.3055363434923,0,1,411,11.597,3.109,0.547,0.072,0.8,0.109,0.09
338,1,891.3879687140839,0,0,1804,11.614,2.986,0.528,-0.081,0.749,0.124,0.127
338,2,962.8109632845886,0,0,1840,11.592,3.001,0.523,-0.109,0.751,0.122,0.127
338,3,1101.806553865576,0,1,1805,11.558,3.014,0.518,-0.153,0.755,0.122,0.123
338,4,1221.5706432560307,0,1,1823,11.601,3.021,0.513,-0.153,0.758,0.125,0.117
339,1,997.1329978407462,0,0,280,10.965,3.146,0.618,0.377,0.621,0.329,0.05
339,2,1449.3463374960788,0,0,282,11.091,3.106,0.621,0.348,0.61,0.34,0.05
339,3,1236.170543839838,0,1,267,11.06,3.165,0.607,0.32,0.614,0.333,0.052
339,4,1419.1132030540819,0,1,254,11.018,3.209,0.61,0.329,0.618,0.331,0.051
340,1,742.5800506080147,0,0,678,12.093,2.959,0.473,-0.195,0.826,0.109,0.065
340,2,830.071025422999,0,0,639,12.1,2.977,0.474,-0.173,0.828,0.11,0.063
340,3,1163.147658396395,0,1,649,12.181,2.983,0.476,-0.183,0.837,0.103,0.06
340,4,1073.33581571546,0,1,636,12.289,2.976,0.462,-0.291,0.841,0.097,0.061
341,1,771.4036787699131,0,0,589,11.199,3.036,0.616,0.45,0.604,0.292,0.104
341,2,1282.8712342879285,0,0,630,11.269,3.029,0.606,0.403,0.592,0.3,0.108
341,3,1470.708829520791,0,1,621,11.123,3.037,0.596,0.354,0.597,0.298,0.105
341,4,1327.3793722343112,0,1,620,11.066,3.027,0.592,0.308,0.582,0.306,0.111
342,1,877.9846344586483,0,0,351,11.656,3.071,0.519,0.018,0.738,0.228,0.034
342,2,967.8577746974076,0,0,358,11.785,3.034,0.506,-0.04,0.737,0.232,0.031
342,3,1047.5343542575606,0,1,383,11.774,3.008,0.522,0.021,0.749,0.214,0.037
342,4,1213.1209773341204,0,1,369,11.753,2.962,0.512,-0.023,0.745,0.22,0.035
343,1,1095.1829934097027,0,0,334,11.428,2.82,0.587,0.109,0.596,0.15,0.254
343,2,925.5194860962072,0,0,347,11.406,2.833,0.573,0.064,0.579,0.156,0.265
343,3,1225.2280614700483,0,1,317,11.559,2.83,0.568,0.076,0.59,0.151,0.259
343,4,1540.1516725354957,0,1,311,11.52,2.791,0.556,0.048,0.588,0.151,0.26
344,1,748.8177954414239,1,0,260,11.909,3.212,0.485,-0.189,0.812,0.112,0.077
344,2,1150.642325946168,1,0,273,11.759,3.158,0.484,-0.19,0.784,0.132,0.084
344,3,1186.7065969823732,1,1,252,11.683,3.119,0.476,-0.192,0.77,0.131,0.099
344,4,1481.6283549386055,1,1,246,11.709,3.146,0.5,-0.186,0.768,0.13,0.102
345,1,937.908599907844,0,0,3724,10.953,2.981,0.604,0.418,0.741,0.082,0.176
345,2,1175.6094992950418,0,0,3751,11.07,2.964,0.602,0.368,0.744,0.082,0.174
345,3,1347.7594683744114,0,1,3686,11.106,2.986,0.597,0.334,0.74,0.082,0.178
345,4,1542.9731752855178,0,1,3586,11.203,3.002,0.583,0.236,0.737,0.085,0.178
346,1,1018.8895399206166,1,0,129,10.931,2.736,0.589,0.164,0.659,0.24,0.101
346,2,1218.7699535580416,1,0,129,11.187,2.721,0.574,0.079,0.659,0.256,0.085
346,3,1453.6046220145913,1,1,134,11.306,2.687,0.545,-0.087,0.664,0.246,0.09
346,4,1433.1139257335897,1,1,127,11.591,2.732,0.528,-0.109,0.685,0.228,0.087
347,1,591.5794204532577,0,0,361,11.507,2.972,0.518,-0.072,0.726,0.155,0.119
347,2,1071.7340789427242,0,0,361,11.554,2.925,0.521,-0.067,0.729,0.152,0.119
347,3,875.4833456917532,0,1,360,11.647,2.922,0.517,-0.082,0.725,0.153,0.122
347,4,1304.958425131521,0,1,358,11.589,2.902,0.517,-0.096,0.723,0.156,0.12
348,1,785.8071869839769,0,0,301,12.062,3.047,0.412,-0.444,0.837,0.106,0.056
348,2,940.3713039987923,0,0,298,12.049,2.997,0.436,-0.416,0.836,0.107,0.057
348,3,853.6772072405121,0,1,290,12.047,3.034,0.452,-0.377,0.845,0.107,0.048
348,4,922.6205244854002,0,1,284,12.067,3.032,0.465,-0.411,0.824,0.127,0.049
349,1,800.6387784495324,0,0,435,10.817,3.168,0.644,0.436,0.536,0.255,0.209
349,2,1354.9038881790068,0,0,418,10.821,3.179,0.639,0.406,0.538,0.249,0.213
349,3,1483.1151791219131,0,1,467,11.014,3.116,0.617,0.242,0.533,0.248,0.218
349,4,1595.4474019151241,0,1,476,11.178,3.113,0.601,0.198,0.525,0.25,0.225
350,1,964.5182041606726,0,0,162,11.029,3.13,0.599,0.271,0.778,0.123,0.099
350,2,1500.5534733942732,0,0,155,11.048,3.11,0.606,0.241,0.761,0.135,0.103
350,3,1642.880273151479,0,1,186,10.832,3.258,0.608,0.138,0.747,0.129,0.124
350,4,1749.3815786122411,0,1,167,10.89,3.168,0.629,0.154,0.754,0.132,0.114
351,1,1191.6037693742235,1,0,121,11.616,3.198,0.545,0.017,0.711,0.198,0.091
351,2,983.4023472121946,1,0,141,11.636,3,0.532,-0.039,0.745,0.17,0.085
351,3,1383.612445874588,1,1,137,11.548,3.08,0.54,-0.106,0.759,0.168,0.073
351,4,1235.6756942667193,1,1,118,11.624,2.924,0.525,-0.091,0.754,0.186,0.059
352,1,765.4017131477954,1,0,242,11.223,2.81,0.558,0.177,0.81,0.087,0.103
352,2,974.5073870780873,1,0,231,11.39,2.831,0.563,0.197,0.801,0.091,0.108
352,3,1172.8275111851842,1,1,239,11.323,2.891,0.561,0.15,0.795,0.096,0.109
352,4,1321.4640963044997,1,1,236,11.448,2.826,0.568,0.123,0.771,0.106,0.123
353,1,678.2224090752834,1,0,536,11.785,3.002,0.459,-0.356,0.774,0.138,0.088
353,2,873.8627353395897,1,0,526,11.738,2.93,0.456,-0.352,0.783,0.133,0.084
353,3,831.7102928900513,1,1,522,11.686,2.914,0.466,-0.355,0.785,0.125,0.09
353,4,1152.29151211404,1,1,512,11.528,2.893,0.469,-0.342,0.785,0.125,0.09
354,1,661.9139739976882,0,0,206,12.174,2.942,0.495,-0.037,0.757,0.141,0.102
354,2,1112.0658272888904,0,0,196,12.094,2.908,0.51,-0.039,0.745,0.153,0.102
354,3,991.4788940662273,0,1,202,12.385,2.832,0.5,-0.125,0.718,0.173,0.109
354,4,1063.3537268591647,0,1,194,12.506,2.835,0.5,-0.129,0.737,0.17,0.093
355,1,734.5459269116913,0,0,463,11.761,2.868,0.585,0.144,0.784,0.171,0.045
355,2,1084.721869067968,0,0,473,11.694,2.899,0.569,0.127,0.784,0.171,0.044
355,3,1222.332745732435,0,1,472,11.881,2.913,0.542,0.039,0.788,0.167,0.044
355,4,1092.0637518025421,0,1,480,11.991,2.881,0.535,-0.04,0.781,0.169,0.05
356,1,896.8832307436016,0,0,645,11.064,3.047,0.6,0.36,0.791,0.163,0.047
356,2,1343.473327767379,0,0,671,11.131,3.051,0.586,0.322,0.791,0.161,0.048
356,3,1237.099397795921,0,1,678,11.226,3.009,0.562,0.224,0.788,0.17,0.043
356,4,1436.5944999685403,0,1,685,11.298,3.034,0.55,0.14,0.787,0.174,0.039
357,1,725.377351988247,0,0,327,11.217,2.875,0.505,-0.134,0.691,0.153,0.156
357,2,809.450966582676,0,0,299,11.283,2.853,0.498,-0.129,0.699,0.14,0.161
357,3,1008.1389744508123,0,1,337,11.391,2.849,0.457,-0.155,0.691,0.131,0.178
357,4,970.2530532137199,0,1,358,11.482,2.796,0.466,-0.21,0.67,0.134,0.196
358,1,827.395904044737,0,0,1143,11.281,3.064,0.584,0.238,0.597,0.17,0.234
358,2,1071.8882466598513,0,0,1092,11.259,3.038,0.582,0.25,0.596,0.177,0.227
358,3,1275.1678403545304,0,1,1063,11.285,3.022,0.588,0.24,0.596,0.182,0.222
358,4,1321.9632036964954,0,1,1043,11.31,3.004,0.582,0.202,0.592,0.177,0.231
359,1,739.4599100448469,0,0,775,10.985,2.951,0.609,0.292,0.849,0.098,0.053
359,2,1111.1091496899269,0,0,833,11.158,2.972,0.591,0.177,0.85,0.098,0.052
359,3,1250.467392890308,0,1,800,11.216,3.016,0.593,0.173,0.849,0.1,0.051
359,4,1285.3250030892868,0,1,803,11.291,3.042,0.588,0.099,0.852,0.101,0.047
360,1,570.9241667535076,0,0,394,11.431,3.005,0.444,-0.206,0.855,0.122,0.023
360,2,764.3955037240005,0,0,439,11.452,2.966,0.469,-0.173,0.866,0.112,0.023
360,3,808.6635510635243,0,1,469,11.734,2.951,0.458,-0.289,0.859,0.122,0.019
360,4,1199.4640275662666,0,1,483,11.541,2.94,0.447,-0.306,0.857,0.126,0.017
361,1,808.4024089019908,1,0,321,11.59,3.162,0.548,-0.06,0.838,0.121,0.04
361,2,1035.2463979848942,1,0,312,11.554,3.109,0.542,-0.083,0.837,0.125,0.038
361,3,1149.3134147986298,1,1,303,11.742,3.109,0.528,-0.12,0.842,0.125,0.033
361,4,1092.7688444541002,1,1,297,11.633,3.027,0.525,-0.104,0.835,0.131,0.034
362,1,782.144068360813,0,0,201,11.582,3.08,0.522,-0.271,0.731,0.169,0.1
362,2,826.4748236588276,0,0,187,11.54,3.032,0.54,-0.24,0.77,0.139,0.091
362,3,854.0313510568342,0,1,184,11.437,2.967,0.533,-0.21,0.766,0.141,0.092
362,4,1010.4954375383205,0,1,214,11.48,2.93,0.542,-0.279,0.762,0.136,0.103
363,1,894.425290639038,1,0,307,11.113,3.127,0.616,0.335,0.84,0.101,0.059
363,2,1155.3209103340193,1,0,321,11.485,3.059,0.586,0.224,0.844,0.109,0.047
363,3,1432.5026804518757,1,1,307,11.578,3,0.59,0.215,0.85,0.107,0.042
363,4,1543.5144041385624,1,1,306,11.784,2.905,0.582,0.119,0.83,0.118,0.052
364,1,887.2557483882595,0,0,307,11.55,3.042,0.645,0.136,0.678,0.257,0.065
364,2,1048.6349306992886,0,0,312,11.675,2.974,0.612,0.073,0.667,0.269,0.064
364,3,1126.305439031886,0,1,328,11.683,3.003,0.607,0.025,0.649,0.277,0.073
364,4,1191.5167236660982,0,1,309,11.665,3.016,0.599,-0.001,0.647,0.275,0.078
365,1,907.558272867425,0,0,1014,11.193,3.056,0.555,0.161,0.88,0.08,0.04
365,2,1119.9219324149947,0,0,999,11.208,3.053,0.538,0.098,0.881,0.08,0.039
365,3,1351.5960772526967,0,1,981,11.32,3.086,0.524,0.019,0.886,0.081,0.034
365,4,1383.654297872796,0,1,946,11.444,3.043,0.526,-0.059,0.888,0.079,0.033
366,1,866.0424557260125,0,0,798,11.353,2.921,0.585,0.249,0.848,0.079,0.073
366,2,1154.5043526754878,0,0,766,11.423,2.909,0.572,0.194,0.851,0.078,0.07
366,3,1245.8664512988212,0,1,747,11.455,2.913,0.577,0.159,0.846,0.08,0.074
366,4,1454.7866552090477,0,1,743,11.472,2.913,0.565,0.077,0.857,0.073,0.07
367,1,978.4941488349509,1,0,757,11.406,3.12,0.503,-0.114,0.746,0.149,0.104
367,2,882.5660018504382,1,0,702,11.499,3.098,0.491,-0.094,0.752,0.15,0.098
367,3,1213.9550601176225,1,1,685,11.468,3.121,0.505,-0.088,0.749,0.152,0.099
367,4,1195.1764043298751,1,1,716,11.64,3.105,0.507,-0.157,0.756,0.151,0.094
368,1,776.3786208707019,1,0,524,11.603,3.042,0.517,-0.085,0.645,0.21,0.145
368,2,1050.2686578400783,1,0,519,11.575,3.042,0.532,-0.08,0.638,0.218,0.145
368,3,1261.6097455952852,1,1,530,11.59,3.042,0.528,-0.119,0.645,0.208,0.147
368,4,1290.8586615577274,1,1,507,11.488,3.039,0.533,-0.141,0.647,0.209,0.144
369,1,682.8306846055,1,0,736,11.544,2.89,0.558,0.083,0.711,0.239,0.05
369,2,934.4417287568923,1,0,743,11.53,2.896,0.546,0.033,0.713,0.241,0.046
369,3,1228.6750642247555,1,1,719,11.618,2.929,0.523,-0.004,0.726,0.232,0.042
369,4,1197.9328457272063,1,1,739,11.725,2.973,0.517,-0.041,0.725,0.23,0.045
370,1,605.7787074951473,1,0,1015,12.28,3.033,0.492,-0.355,0.868,0.097,0.035
370,2,702.8591358886584,1,0,996,12.156,3.041,0.484,-0.321,0.861,0.102,0.036
370,3,840.0767714967826,1,1,983,12.051,3.03,0.492,-0.287,0.856,0.103,0.042
370,4,1024.9899923679645,1,1,1000,12.017,3.02,0.495,-0.275,0.854,0.102,0.044
371,1,872.1121611860574,0,0,231,12.245,3.087,0.481,-0.21,0.628,0.277,0.095
371,2,855.7497322745065,0,0,223,12.189,3.099,0.484,-0.169,0.628,0.274,0.099
371,3,1237.966256863915,0,1,213,12.135,3.075,0.502,-0.147,0.638,0.272,0.089
371,4,1184.9621762553118,0,1,203,12.356,3.034,0.502,-0.213,0.631,0.271,0.099
372,1,850.8610422683284,1,0,275,11.125,2.84,0.564,0.021,0.68,0.153,0.167
372,2,1159.6414220318215,1,0,323,11.189,2.824,0.523,-0.003,0.693,0.142,0.164
372,3,1429.4428525548205,1,1,314,11.388,2.86,0.538,-0.038,0.694,0.131,0.175
372,4,1198.875409953961,1,1,320,11.65,2.85,0.522,-0.161,0.688,0.134,0.178
373,1,920.4758652145586,0,0,319,11.726,3.025,0.524,-0.233,0.652,0.141,0.207
373,2,764.3121163314164,0,0,313,11.778,2.99,0.524,-0.221,0.661,0.131,0.208
373,3,1207.358009407256,0,1,312,11.717,3.035,0.535,-0.216,0.667,0.125,0.208
373,4,961.4731120130249,0,1,389,11.673,3.003,0.504,-0.279,0.679,0.121,0.201
374,1,980.8083142435325,0,0,238,11.509,2.836,0.63,0.186,0.697,0.109,0.193
374,2,1092.4758074599306,0,0,227,11.685,2.802,0.608,0.148,0.709,0.11,0.181
374,3,1293.0956513814028,0,1,237,11.873,2.797,0.599,0.123,0.717,0.101,0.181
374,4,1236.0912910234238,0,1,225,11.882,2.796,0.604,0.053,0.716,0.107,0.178
375,1,1034.4959687731603,1,0,1462,11.132,3.073,0.605,0.345,0.722,0.153,0.124
375,2,1263.0260516365888,1,0,1423,11.175,3.048,0.592,0.263,0.725,0.154,0.121
375,3,1333.081986611419,1,1,1398,11.221,3.054,0.592,0.226,0.73,0.152,0.119
375,4,1555.6184264914318,1,1,1402,11.305,3.044,0.587,0.187,0.741,0.151,0.108
376,1,537.3319484036252,0,0,661,12.511,3.057,0.383,-0.739,0.862,0.079,0.059
376,2,574.0148450562917,0,0,667,12.473,3.04,0.408,-0.672,0.856,0.093,0.051
376,3,603.8574980755205,0,1,647,12.585,3.019,0.417,-0.679,0.855,0.094,0.051
376,4,705.8449290009505,0,1,681,12.697,3.013,0.417,-0.692,0.853,0.098,0.048
377,1,939.7163501100692,1,0,1463,11.107,2.977,0.614,0.397,0.636,0.262,0.103
377,2,1184.187377176081,1,0,1456,11.254,2.955,0.602,0.325,0.635,0.263,0.102
377,3,1252.1450863816588,1,1,1470,11.342,2.967,0.6,0.263,0.631,0.267,0.102
377,4,1351.1682905299679,1,1,1536,11.425,2.956,0.581,0.143,0.632,0.268,0.101
378,1,714.0574175766476,0,0,504,11.834,2.988,0.498,-0.172,0.815,0.091,0.093
378,2,815.1881493649528,0,0,517,11.816,2.985,0.491,-0.159,0.807,0.099,0.095
378,3,1150.2129085873976,0,1,510,12.034,2.976,0.488,-0.246,0.818,0.096,0.086
378,4,1207.2967309251467,0,1,494,12.031,2.964,0.484,-0.232,0.808,0.095,0.097
379,1,761.9608287754652,0,0,369,11.258,2.932,0.591,0.218,0.64,0.282,0.079
379,2,1139.588747158252,0,0,407,11.424,2.998,0.563,0.102,0.639,0.283,0.079
379,3,1413.2245201055284,0,1,387,11.575,2.966,0.571,0.075,0.633,0.276,0.09
379,4,1281.787767140581,0,1,376,11.53,2.949,0.572,0.016,0.633,0.274,0.093
380,1,792.4637193132215,1,0,454,11.575,2.963,0.504,-0.127,0.718,0.203,0.079
380,2,981.3350080395155,1,0,458,11.58,2.963,0.511,-0.17,0.721,0.194,0.085
380,3,1059.790447682087,1,1,442,11.524,2.955,0.495,-0.214,0.717,0.192,0.09
380,4,1051.2144596606731,1,1,441,11.633,2.984,0.478,-0.318,0.721,0.19,0.088
381,1,900.875461274766,1,0,603,10.829,2.917,0.577,0.306,0.645,0.245,0.109
381,2,1153.2611545858676,1,0,580,10.829,2.955,0.571,0.265,0.64,0.248,0.112
381,3,1143.4835145986585,1,1,555,10.794,2.879,0.559,0.191,0.641,0.24,0.119
381,4,1330.4683347925384,1,1,605,10.938,2.949,0.557,0.138,0.643,0.238,0.119
382,1,1028.8731760209519,0,0,180,11.495,2.983,0.583,0.131,0.728,0.189,0.083
382,2,1441.7863547619131,0,0,196,11.681,2.98,0.587,0.068,0.735,0.184,0.082
382,3,1128.806177596072,0,1,189,11.792,3.016,0.587,0.047,0.73,0.185,0.085
382,4,1471.9885981370876,0,1,178,11.686,3.051,0.601,-0.01,0.736,0.185,0.079
383,1,1020.5524882249247,1,0,391,10.832,2.977,0.629,0.478,0.752,0.115,0.133
383,2,1303.9042215695852,1,0,377,10.772,2.973,0.637,0.499,0.748,0.122,0.13
383,3,1417.76933304798,1,1,387,11.102,2.984,0.612,0.396,0.736,0.121,0.142
383,4,1519.0529764881471,1,1,417,11.261,2.99,0.583,0.28,0.743,0.115,0.141
384,1,890.20457050579,0,0,867,11.255,2.916,0.526,0.126,0.664,0.182,0.153
384,2,1111.191525418533,0,0,837,11.102,2.949,0.53,0.131,0.668,0.183,0.149
384,3,1287.1874620429423,0,1,843,11.105,2.981,0.526,0.088,0.67,0.176,0.154
384,4,1562.9381753884877,0,1,836,10.993,3,0.536,0.079,0.671,0.181,0.148
385,1,451.23864990270346,0,0,287,12.136,3,0.446,-0.528,0.592,0.216,0.192
385,2,674.8458024539485,0,0,295,12.124,3.112,0.461,-0.507,0.603,0.197,0.2
385,3,703.9796574393081,0,1,301,12.117,3.103,0.482,-0.485,0.588,0.189,0.223
385,4,836.0815439614405,0,1,289,12.148,3.024,0.471,-0.488,0.574,0.197,0.228
386,1,704.2048900544612,0,0,166,10.883,2.867,0.566,0.082,0.5,0.301,0.199
386,2,978.1216135105292,0,0,173,10.804,2.85,0.538,-0.032,0.509,0.283,0.208
386,3,1094.7734833627649,0,1,262,11.487,2.905,0.515,-0.109,0.508,0.302,0.191
386,4,1117.1321593521147,0,1,311,11.602,2.817,0.511,-0.255,0.514,0.296,0.19
387,1,731.7495499500299,0,0,1141,12.556,2.959,0.392,-0.642,0.617,0.266,0.117
387,2,754.7340322360517,0,0,1063,12.385,2.921,0.399,-0.576,0.615,0.27,0.115
387,3,853.6232990725277,0,1,1067,12.398,2.882,0.41,-0.596,0.633,0.256,0.112
387,4,952.3146359196411,0,1,1036,12.391,2.882,0.408,-0.624,0.631,0.255,0.114
388,1,756.8972780029158,0,0,114,11.368,3.035,0.632,0.229,0.57,0.298,0.132
388,2,1024.853172309081,0,0,112,11.138,3.098,0.607,0.241,0.58,0.304,0.116
388,3,1136.9445266956536,0,1,130,11.168,3.131,0.638,0.093,0.592,0.285,0.123
388,4,1088.6786012676587,0,1,149,11.225,3.027,0.597,0.001,0.604,0.255,0.141
389,1,821.9937010123966,0,0,528,11.076,3.167,0.587,0.106,0.61,0.258,0.133
389,2,947.5407621428175,0,0,510,11.222,3.186,0.578,0.066,0.608,0.257,0.135
389,3,1227.3053943173013,0,1,527,11.084,3.167,0.583,0.039,0.598,0.264,0.139
389,4,1161.449061595625,0,1,533,11.233,3.105,0.559,-0.058,0.602,0.265,0.133
390,1,859.45573815825,0,0,368,11.618,3.207,0.522,0.021,0.788,0.103,0.109
390,2,1010.9189160245966,0,0,390,11.424,3.205,0.531,0.034,0.8,0.1,0.1
390,3,1053.4496971349638,0,1,382,11.46,3.181,0.521,-0.035,0.788,0.102,0.11
390,4,1041.6519246429893,0,1,372,11.71,3.161,0.481,-0.164,0.78,0.113,0.108
391,1,671.2910981564338,1,0,188,11.419,2.904,0.58,0.177,0.548,0.351,0.101
391,2,952.9589788022911,1,0,188,11.277,2.904,0.58,0.165,0.553,0.356,0.09
391,3,1173.0938178717222,1,1,211,11.423,3.028,0.583,0.016,0.545,0.36,0.095
391,4,1290.0577859449872,1,1,206,11.208,3.029,0.592,-0.014,0.549,0.364,0.087
392,1,1044.4790866994572,0,0,168,10.93,2.851,0.554,0.153,0.518,0.268,0.214
392,2,961.9634754755436,0,0,167,11.035,2.88,0.545,0.143,0.527,0.269,0.204
392,3,1136.1186405569922,0,1,168,10.87,2.946,0.524,0.117,0.512,0.274,0.214
392,4,1243.376513124447,0,1,174,11.166,2.931,0.511,0.016,0.552,0.264,0.184
393,1,887.9616605164828,1,0,820,12.232,3.032,0.471,-0.27,0.804,0.135,0.061
393,2,908.8270326020327,1,0,801,12.124,3.025,0.486,-0.252,0.801,0.139,0.06
393,3,1053.1675886356793,1,1,786,12.108,3.011,0.494,-0.236,0.802,0.137,0.061
393,4,1150.8069359008612,1,1,767,11.989,3.021,0.498,-0.21,0.803,0.138,0.059
394,1,899.4840471007567,0,0,231,11.778,3.087,0.411,-0.319,0.844,0.121,0.035
394,2,743.7165873002048,0,0,234,11.966,3.124,0.432,-0.269,0.842,0.132,0.026
394,3,1119.9545617733859,0,1,246,11.677,3.11,0.459,-0.218,0.866,0.11,0.024
394,4,1023.4377683578084,0,1,232,11.41,3.116,0.474,-0.166,0.871,0.103,0.026
395,1,1117.881118197255,1,0,370,11.458,2.932,0.562,0.104,0.868,0.108,0.024
395,2,1163.6738959449413,1,0,368,11.488,3.016,0.541,-0.022,0.864,0.111,0.024
395,3,1268.611604808161,1,1,349,11.514,3.029,0.544,-0.04,0.86,0.115,0.026
395,4,1254.1769855266718,1,1,477,11.764,3.029,0.505,-0.315,0.87,0.101,0.029
396,1,706.8803915703394,0,0,206,11.584,3.083,0.549,0.073,0.641,0.277,0.083
396,2,1104.2256955654461,0,0,223,11.769,2.991,0.534,-0.066,0.614,0.283,0.103
396,3,1154.9767016621909,0,1,217,12.078,3.074,0.516,-0.165,0.613,0.286,0.101
396,4,1033.0466626360342,0,1,234,12.135,3.085,0.509,-0.382,0.568,0.312,0.12
397,1,984.3382410538575,1,0,615,11.257,3.005,0.564,0.019,0.758,0.143,0.099
397,2,1042.2674692840462,1,0,578,11.268,2.984,0.573,0.009,0.779,0.118,0.104
397,3,1119.255072355648,1,1,587,11.268,2.944,0.562,-0.001,0.777,0.121,0.102
397,4,1379.2845840536738,1,1,592,11.261,2.961,0.541,-0.096,0.76,0.133,0.106
398,1,748.2584420564493,0,0,734,11.375,3.014,0.587,0.224,0.83,0.094,0.076
398,2,1092.6981333627982,0,0,728,11.457,3.014,0.582,0.195,0.827,0.096,0.077
398,3,967.2174309558966,0,1,770,11.358,3.008,0.573,0.127,0.821,0.1,0.079
398,4,1155.275654175486,0,1,756,11.297,2.996,0.566,0.071,0.816,0.101,0.083
399,1,803.4085183888827,0,0,465,11.564,3.062,0.533,0.093,0.83,0.108,0.062
399,2,951.6753609672043,0,0,451,11.854,2.982,0.548,0.055,0.829,0.106,0.064
399,3,932.8065388717728,0,1,446,11.873,2.962,0.516,-0.065,0.845,0.101,0.054
399,4,1091.7115559843435,0,1,452,11.996,2.971,0.529,-0.129,0.854,0.093,0.053
400,1,797.6650533480657,1,0,1372,11.989,2.912,0.455,-0.34,0.595,0.208,0.197
400,2,966.810085793693,1,0,1391,11.892,2.947,0.467,-0.292,0.598,0.203,0.198
400,3,1153.8265789770016,1,1,1279,11.925,2.909,0.464,-0.291,0.596,0.203,0.201
400,4,1173.9342342790058,1,1,1436,11.923,2.932,0.464,-0.377,0.591,0.206,0.203
401,1,839.4210556431927,1,0,1015,11.679,2.947,0.501,-0.112,0.63,0.2,0.17
401,2,1004.5456369692788,1,0,1006,11.617,2.952,0.508,-0.112,0.635,0.195,0.17
401,3,1135.2801453260822,1,1,967,11.507,2.952,0.511,-0.049,0.631,0.195,0.174
401,4,1331.283324663196,1,1,969,11.673,2.966,0.509,-0.138,0.638,0.191,0.171
402,1,1067.6206997468214,1,0,426,10.933,3.002,0.592,0.331,0.81,0.108,0.082
402,2,1300.800642789205,1,0,456,11.085,2.971,0.572,0.173,0.798,0.118,0.083
402,3,1598.4671434093968,1,1,429,11.073,2.925,0.564,0.175,0.804,0.112,0.084
402,4,1715.5254200013135,1,1,425,11.142,2.915,0.546,0.077,0.814,0.099,0.087
403,1,898.1899529522925,0,0,152,10.787,3.072,0.658,0.295,0.697,0.224,0.079
403,2,1050.3634495358333,0,0,149,10.748,3.074,0.664,0.346,0.698,0.228,0.074
403,3,1166.9322542711795,0,1,144,10.831,3.09,0.66,0.256,0.667,0.257,0.076
403,4,1456.377847104895,0,1,149,11.179,3.161,0.651,0.152,0.664,0.268,0.067
404,1,873.4406681344905,1,0,920,11.915,2.978,0.521,-0.247,0.703,0.25,0.047
404,2,1091.884354423395,1,0,895,11.814,2.953,0.527,-0.23,0.704,0.249,0.047
404,3,1143.0016830491156,1,1,864,11.732,2.984,0.538,-0.189,0.712,0.235,0.053
404,4,1255.8278050374367,1,1,811,11.721,2.951,0.529,-0.195,0.713,0.228,0.059
405,1,1016.3549554259204,1,0,800,11.314,2.965,0.566,0.215,0.562,0.182,0.255
405,2,1235.1232697960763,1,0,809,11.402,2.984,0.562,0.179,0.546,0.189,0.265
405,3,1278.0838102411376,1,1,852,11.483,3.012,0.556,0.111,0.552,0.191,0.257
405,4,1339.7538425787643,1,1,811,11.555,3.039,0.55,0.049,0.546,0.197,0.256
406,1,1214.6094510435487,0,0,180,10.499,2.811,0.644,0.413,0.683,0.222,0.094
406,2,1401.2145462665387,0,0,180,10.452,2.883,0.628,0.385,0.694,0.211,0.094
406,3,1419.6451218701795,0,1,220,10.804,3.059,0.559,0.084,0.709,0.209,0.082
406,4,1089.7389509277289,0,1,207,10.79,3.077,0.546,0.019,0.71,0.198,0.092
407,1,789.4040982634738,0,0,1253,11.442,3.035,0.54,0.131,0.583,0.166,0.251
407,2,1039.5988354224394,0,0,1257,11.428,3.036,0.539,0.121,0.574,0.175,0.251
407,3,1236.780658617819,0,1,1311,11.427,3.04,0.547,0.078,0.559,0.182,0.259
407,4,1254.720314059325,0,1,1306,11.415,3.055,0.55,0.018,0.554,0.187,0.259
408,1,846.9994197690241,0,0,1663,11.409,2.969,0.533,0.097,0.631,0.266,0.102
408,2,1053.7138372346908,0,0,1630,11.534,2.969,0.536,0.038,0.632,0.266,0.102
408,3,1170.211816843774,0,1,1695,11.532,2.988,0.533,-0.007,0.626,0.272,0.102
408,4,1296.1849736140987,0,1,1676,11.574,3.004,0.532,-0.027,0.626,0.271,0.103
409,1,868.5250184720145,1,0,891,11.089,3,0.626,0.419,0.513,0.373,0.114
409,2,1246.238026126208,1,0,882,11.175,2.977,0.617,0.406,0.506,0.381,0.113
409,3,1390.1015741301464,1,1,881,11.218,2.952,0.611,0.395,0.495,0.393,0.112
409,4,1609.0258326474425,1,1,875,11.26,2.913,0.582,0.257,0.495,0.398,0.107
410,1,827.3438311754493,0,0,146,12.231,2.685,0.562,-0.056,0.747,0.123,0.13
410,2,826.8363713262416,0,0,146,12.479,2.767,0.548,-0.059,0.76,0.13,0.11
410,3,850.6044841150101,0,1,145,12.394,2.807,0.524,-0.054,0.752,0.124,0.124
410,4,1145.5784953573293,0,1,140,12.23,2.821,0.55,-0.038,0.721,0.136,0.143
411,1,666.4752933696141,0,0,774,11.557,2.86,0.545,0.031,0.76,0.12,0.12
411,2,794.9332402126907,0,0,806,11.446,2.782,0.557,0.033,0.759,0.125,0.115
411,3,963.3468554816678,0,1,789,11.467,2.838,0.55,-0.007,0.771,0.124,0.105
411,4,1099.6989791453575,0,1,763,11.479,2.837,0.539,-0.064,0.769,0.121,0.11
412,1,743.7153346922587,0,0,386,11.948,3.021,0.505,-0.293,0.754,0.174,0.073
412,2,849.7828240067806,0,0,450,12.033,3.073,0.489,-0.315,0.751,0.171,0.078
412,3,943.9255537258306,0,1,421,12.183,3.064,0.468,-0.351,0.755,0.166,0.078
412,4,998.6935722333595,0,1,471,11.862,3.051,0.501,-0.317,0.752,0.17,0.079
413,1,1084.9521556180841,0,0,294,10.548,2.983,0.616,0.4,0.806,0.085,0.109
413,2,1316.314138521574,0,0,281,10.612,3.021,0.591,0.395,0.811,0.093,0.096
413,3,1557.7397377057703,0,1,279,10.833,2.986,0.591,0.352,0.814,0.09,0.097
413,4,1396.8571036140886,0,1,263,11.016,3.015,0.586,0.287,0.806,0.099,0.095
414,1,1035.7045402673932,1,0,602,11.495,2.98,0.578,0.186,0.654,0.198,0.148
414,2,1329.4674373465464,1,0,629,11.532,2.973,0.569,0.108,0.645,0.205,0.149
414,3,1378.6728305959946,1,1,634,11.578,2.932,0.555,0.051,0.656,0.197,0.147
414,4,1526.0923506636782,1,1,716,11.662,2.957,0.542,-0.004,0.661,0.193,0.147
415,1,695.935227143034,0,0,798,11.736,3.005,0.515,-0.032,0.595,0.34,0.065
415,2,946.5143041577345,0,0,743,11.735,2.948,0.524,0.001,0.591,0.342,0.067
415,3,999.3781310668828,0,1,725,11.684,2.988,0.524,-0.041,0.582,0.342,0.076
415,4,1147.1548197953298,0,1,716,11.712,2.964,0.521,-0.046,0.574,0.351,0.075
416,1,1062.130877153917,1,0,822,11.221,2.968,0.594,0.264,0.635,0.178,0.187
416,2,1094.1001622107738,1,0,806,11.214,2.969,0.576,0.226,0.627,0.179,0.195
416,3,1453.9327682498945,1,1,812,11.32,2.973,0.56,0.181,0.616,0.185,0.2
416,4,1544.5221595826067,1,1,829,11.425,3.004,0.528,0.068,0.616,0.191,0.193
417,1,1078.9535467660228,1,0,200,11.182,3.25,0.585,0.185,0.68,0.18,0.14
417,2,1082.9983468763905,1,0,209,11.373,3.215,0.579,0.167,0.679,0.196,0.124
417,3,1165.909155683941,1,1,256,11.302,3.172,0.57,0.086,0.695,0.18,0.125
417,4,1261.8176607192547,1,1,256,11.262,3.148,0.559,0.035,0.688,0.172,0.141
418,1,1074.9115571888253,0,0,1309,11.527,3.012,0.536,-0.002,0.723,0.199,0.079
418,2,1095.526562469758,0,0,1284,11.607,3,0.54,0.014,0.72,0.202,0.079
418,3,1112.424186766355,0,1,1240,11.603,3.018,0.536,0.007,0.716,0.206,0.077
418,4,1337.2212744566839,0,1,1179,11.621,3.019,0.535,-0.003,0.715,0.205,0.08
419,1,784.1754234267289,1,0,319,11.196,2.994,0.545,-0.03,0.643,0.245,0.113
419,2,913.8612801181534,1,0,309,11.036,3.019,0.57,-0.002,0.634,0.243,0.123
419,3,1302.051507686182,1,1,324,11.018,3.052,0.556,-0.085,0.614,0.238,0.148
419,4,1141.8702114853604,1,1,326,11.163,3.135,0.546,-0.177,0.604,0.239,0.156
420,1,883.8269009026944,1,0,311,11.493,3.058,0.511,-0.264,0.656,0.19,0.154
420,2,967.8405698001362,1,0,301,11.687,3.043,0.522,-0.255,0.668,0.183,0.15
420,3,1476.9836483447054,1,1,289,11.73,3.042,0.536,-0.248,0.696,0.173,0.131
420,4,1491.0906809619664,1,1,321,11.744,3.019,0.548,-0.261,0.679,0.165,0.156
421,1,646.0463444772453,0,0,494,11.646,3.099,0.504,-0.223,0.791,0.16,0.049
421,2,780.3886770131044,0,0,485,11.757,3.082,0.487,-0.237,0.798,0.159,0.043
421,3,1025.1587899918168,0,1,465,11.64,3.101,0.499,-0.176,0.796,0.161,0.043
421,4,1305.365533106767,0,1,488,11.778,3.061,0.496,-0.273,0.799,0.158,0.043
422,1,783.3978244961052,0,0,1142,11.415,2.856,0.528,0.053,0.424,0.236,0.34
422,2,963.107979437815,0,0,1117,11.376,2.865,0.539,0.044,0.424,0.235,0.34
422,3,1188.5802884451832,0,1,1073,11.439,2.859,0.542,0.057,0.434,0.226,0.339
422,4,1351.6625396961508,0,1,1039,11.351,2.902,0.54,0.032,0.434,0.226,0.34
423,1,791.1428158748915,0,0,61,11.322,2.623,0.459,-0.101,0.787,0.131,0.082
423,2,1200.2415897980268,0,0,101,10.63,2.792,0.545,0.093,0.842,0.089,0.069
423,3,1104.1083173825264,0,1,126,11.434,2.905,0.532,-0.017,0.833,0.103,0.063
423,4,1041.1432350307853,0,1,127,11.564,2.858,0.488,-0.072,0.835,0.087,0.079
424,1,1045.600243243326,0,0,313,11.026,2.879,0.633,0.382,0.69,0.173,0.137
424,2,1142.3166668064175,0,0,317,11.039,2.899,0.637,0.307,0.7,0.177,0.123
424,3,1307.35289944625,0,1,311,11.157,2.981,0.621,0.234,0.678,0.18,0.141
424,4,1636.2325425087918,0,1,291,11.254,3.024,0.619,0.209,0.694,0.168,0.137
425,1,769.0854503268391,0,0,536,11.066,2.983,0.584,0.316,0.683,0.192,0.125
425,2,1036.866699944583,0,0,592,11.162,2.971,0.551,0.182,0.672,0.199,0.128
425,3,1288.5908078438745,0,1,551,11.208,2.962,0.55,0.169,0.668,0.2,0.132
425,4,1503.797234018459,0,1,549,11.258,3.013,0.537,0.105,0.65,0.211,0.138
426,1,985.9787378912389,1,0,487,11.733,2.943,0.501,-0.037,0.688,0.216,0.097
426,2,1013.6603122500464,1,0,499,11.866,2.952,0.483,-0.118,0.693,0.206,0.1
426,3,1030.194904734092,1,1,513,11.847,2.885,0.458,-0.11,0.684,0.214,0.101
426,4,1170.4155545515575,1,1,552,11.642,2.871,0.482,-0.116,0.694,0.214,0.092
427,1,946.6374897847478,1,0,305,10.951,3,0.603,0.293,0.679,0.19,0.131
427,2,1325.1790482732442,1,0,292,11.026,3.038,0.61,0.297,0.692,0.188,0.12
427,3,1471.3949794091598,1,1,259,11.005,3.019,0.618,0.303,0.691,0.193,0.116
427,4,1477.6257423522661,1,1,278,11.485,3.014,0.583,0.135,0.658,0.223,0.119
428,1,863.1984863949025,0,0,776,11.161,3.061,0.571,0.303,0.856,0.103,0.041
428,2,1088.0799337193973,0,0,800,11.178,3.056,0.569,0.266,0.861,0.101,0.038
428,3,1412.4960273141673,0,1,786,11.297,3.053,0.567,0.203,0.86,0.102,0.038
428,4,1472.7459966604742,0,1,805,11.328,3.078,0.564,0.192,0.855,0.106,0.04
429,1,750.3074302731369,0,0,1056,11.674,2.951,0.503,-0,0.676,0.178,0.146
429,2,1010.9390556488703,0,0,1031,11.678,2.989,0.502,-0.009,0.677,0.174,0.149
429,3,1025.867502322055,0,1,1007,11.521,3.009,0.517,0.014,0.669,0.182,0.149
429,4,1084.5968524643592,0,1,1028,11.5,3.015,0.51,-0.061,0.669,0.177,0.154
430,1,1025.5351973329232,0,0,435,11.706,3.103,0.561,0.189,0.664,0.184,0.152
430,2,1102.3229579320698,0,0,422,11.83,3.156,0.569,0.153,0.659,0.194,0.147
430,3,1230.4185797692082,0,1,434,11.759,3.129,0.56,0.114,0.652,0.207,0.141
430,4,1284.7931808831875,0,1,422,11.722,3.149,0.547,0.025,0.661,0.201,0.137
431,1,890.888643381278,0,0,646,11.308,3.029,0.591,0.28,0.641,0.317,0.042
431,2,1111.3598182155888,0,0,657,11.282,3.027,0.583,0.27,0.636,0.314,0.05
431,3,1368.7772997405523,0,1,659,11.515,3.073,0.575,0.152,0.669,0.285,0.046
431,4,1342.4234032936408,0,1,657,11.539,3.009,0.574,0.126,0.671,0.282,0.047
432,1,785.605182081213,0,0,734,11.254,2.985,0.606,0.16,0.722,0.139,0.139
432,2,1045.4763904978236,0,0,750,11.165,2.967,0.596,0.126,0.728,0.131,0.141
432,3,1105.1832511920422,0,1,744,11.241,2.927,0.583,0.069,0.738,0.128,0.134
432,4,1315.9300931902694,0,1,701,11.305,2.967,0.579,-0.017,0.739,0.133,0.128
433,1,843.1032230654223,1,0,679,10.932,3.103,0.533,0.19,0.816,0.147,0.037
433,2,1154.9675671601206,1,0,704,11.072,3.043,0.514,0.082,0.812,0.148,0.04
433,3,1334.1405335021686,1,1,691,11.159,3.042,0.504,0.051,0.818,0.148,0.035
433,4,1536.505381009236,1,1,651,10.953,3.095,0.519,0.073,0.829,0.138,0.032
434,1,867.0362905819933,0,0,384,11.562,3.078,0.539,0.126,0.779,0.193,0.029
434,2,1089.232890773915,0,0,387,11.634,3.057,0.545,0.2,0.786,0.191,0.023
434,3,1206.5161201702188,0,1,365,11.754,3.025,0.548,0.114,0.786,0.184,0.03
434,4,1247.1334174332646,0,1,392,11.856,3.015,0.531,-0.005,0.801,0.171,0.028
435,1,982.2263085744311,1,0,539,11.368,3.007,0.555,0.109,0.664,0.28,0.056
435,2,1282.4278922690257,1,0,517,11.383,3.002,0.53,0.097,0.671,0.275,0.054
435,3,1524.109921455561,1,1,517,11.452,2.94,0.53,0.009,0.644,0.292,0.064
435,4,1494.8068775885874,1,1,496,11.383,2.923,0.534,-0.05,0.669,0.27,0.06
436,1,801.7435307702274,0,0,1017,11.216,2.924,0.514,-0.035,0.698,0.19,0.112
436,2,969.4442358835984,0,0,978,11.254,2.933,0.501,-0.045,0.694,0.193,0.112
436,3,1091.7492805178676,0,1,932,11.347,2.96,0.499,-0.066,0.682,0.203,0.115
436,4,1388.7078635830856,0,1,962,11.427,2.946,0.501,-0.101,0.68,0.201,0.12
437,1,1225.2806105150528,0,0,140,11.37,3.043,0.55,0.284,0.729,0.171,0.1
437,2,1154.1684856608072,0,0,142,11.502,3.085,0.535,0.244,0.732,0.176,0.092
437,3,1418.420857504784,0,1,132,11.561,3.106,0.508,0.181,0.72,0.167,0.114
437,4,1460.774474172626,0,1,134,11.759,3.067,0.507,0.131,0.701,0.187,0.112
438,1,576.7645289513633,1,0,139,12.24,3.201,0.381,-0.782,0.727,0.115,0.158
438,2,746.772989141056,1,0,131,11.917,3.13,0.405,-0.674,0.71,0.115,0.176
438,3,758.8412989554585,1,1,145,11.49,3.062,0.428,-0.657,0.697,0.138,0.166
438,4,1103.178160281999,1,1,186,11.781,3.242,0.43,-0.587,0.683,0.129,0.188
439,1,771.547677787816,0,0,168,10.833,2.845,0.625,0.293,0.738,0.131,0.131
439,2,944.5585925769724,0,0,163,10.858,2.822,0.607,0.301,0.755,0.129,0.117
439,3,1538.158061813343,0,1,167,10.917,2.862,0.563,0.141,0.749,0.126,0.126
439,4,1256.3536951402912,0,1,168,10.972,2.917,0.548,0.055,0.762,0.125,0.113
440,1,506.62972352613724,0,0,63,10.554,2.889,0.587,0.192,0.746,0.127,0.127
440,2,859.7618989942397,0,0,68,10.156,3.044,0.559,0.155,0.75,0.132,0.118
440,3,897.6600028036409,0,1,76,10.217,3.132,0.539,-0.057,0.724,0.158,0.118
440,4,1053.2742371251875,0,1,92,10.454,3.033,0.533,-0.118,0.717,0.163,0.12
441,1,736.3516715066348,0,0,477,11.257,3.14,0.541,0.155,0.784,0.147,0.069
441,2,1174.2858240121127,0,0,467,11.191,3.165,0.529,0.17,0.786,0.143,0.071
441,3,1318.6288065671642,0,1,463,11.229,3.067,0.54,0.165,0.775,0.153,0.071
441,4,1667.2429895958196,0,1,438,11.301,3.014,0.527,0.109,0.783,0.139,0.078
442,1,977.6556396380893,1,0,660,11.35,3.042,0.564,0.078,0.577,0.344,0.079
442,2,1102.2926296865428,1,0,670,11.267,3.069,0.546,0.044,0.575,0.346,0.079
442,3,1231.2756781762382,1,1,657,11.34,3.064,0.546,-0,0.565,0.352,0.084
442,4,1445.790452584732,1,1,657,11.532,2.992,0.525,-0.16,0.551,0.359,0.09
443,1,818.4142604519193,0,0,484,11.361,3,0.57,0.31,0.448,0.31,0.242
443,2,1009.8963001129258,0,0,481,11.429,2.979,0.563,0.28,0.455,0.312,0.233
443,3,1209.1065455757966,0,1,482,11.442,2.985,0.556,0.25,0.446,0.313,0.241
443,4,1389.1287356962239,0,1,449,11.49,3,0.541,0.217,0.452,0.31,0.238
444,1,716.9936381496283,0,0,645,11.94,3.163,0.495,-0.068,0.822,0.098,0.081
444,2,952.8723552863474,0,0,610,11.925,3.182,0.507,-0.07,0.833,0.09,0.077
444,3,1191.0791987340249,0,1,594,11.908,3.173,0.503,-0.091,0.827,0.093,0.081
444,4,1356.5733690563623,0,1,562,11.864,3.173,0.495,-0.112,0.817,0.098,0.085
445,1,755.1134090818205,0,0,312,12.349,3.199,0.417,-0.442,0.657,0.205,0.138
445,2,745.316804792803,0,0,303,12.36,3.155,0.406,-0.44,0.673,0.195,0.132
445,3,724.7364971488579,0,1,311,12.073,3.125,0.428,-0.373,0.682,0.196,0.122
445,4,970.6927820837767,0,1,303,11.937,3.083,0.432,-0.362,0.7,0.168,0.132
446,1,778.7569912306489,0,0,223,11.506,3,0.565,0.168,0.767,0.17,0.063
446,2,1065.504348614044,0,0,226,11.706,3.04,0.58,0.101,0.752,0.181,0.066
446,3,1405.324687665751,0,1,229,11.805,3.131,0.572,0.081,0.764,0.166,0.07
446,4,1732.5471861783114,0,1,221,11.749,3.095,0.575,0.052,0.778,0.154,0.068
447,1,1050.9932080357423,0,0,308,11.28,2.864,0.542,0.213,0.669,0.24,0.091
447,2,960.6709239460607,0,0,303,11.389,2.865,0.538,0.203,0.667,0.238,0.096
447,3,1472.1552702292413,0,1,278,11.263,2.827,0.547,0.204,0.651,0.252,0.097
447,4,1420.4162582600552,0,1,328,11.217,2.869,0.558,0.195,0.665,0.235,0.101
448,1,843.4289196814586,0,0,864,10.937,3.02,0.646,0.546,0.753,0.137,0.11
448,2,1071.982299782311,0,0,871,11.143,3.009,0.625,0.439,0.742,0.139,0.119
448,3,1258.0883591390566,0,1,859,11.224,2.985,0.615,0.394,0.739,0.139,0.122
448,4,1214.3387595873576,0,1,838,11.281,3.042,0.604,0.316,0.737,0.137,0.125
449,1,1186.43639746616,1,0,204,11.922,3.015,0.51,-0.34,0.863,0.103,0.034
449,2,959.5577145962246,1,0,243,11.914,2.922,0.494,-0.356,0.877,0.099,0.025
449,3,1058.9050209719323,1,1,236,11.63,2.924,0.492,-0.359,0.877,0.093,0.03
449,4,1290.6062124983746,1,1,219,11.577,3.059,0.47,-0.342,0.872,0.1,0.027
450,1,676.591661623534,1,0,167,11.84,3.12,0.473,-0.312,0.784,0.108,0.108
450,2,884.251318475678,1,0,195,11.849,3.174,0.462,-0.315,0.815,0.087,0.097
450,3,1008.8108811563269,1,1,193,11.738,3.171,0.43,-0.325,0.819,0.078,0.104
450,4,1053.4027610655817,1,1,184,11.842,3.152,0.397,-0.38,0.821,0.076,0.103
451,1,801.5364944918397,1,0,141,11.128,3.206,0.652,0.46,0.681,0.206,0.113
451,2,906.9515805276203,1,0,159,11.103,3.22,0.654,0.338,0.679,0.195,0.126
451,3,1204.2252063410242,1,1,161,11.395,3.255,0.634,0.15,0.683,0.217,0.099
451,4,1292.4490734030048,1,1,187,11.858,3.155,0.583,-0.059,0.668,0.235,0.096
452,1,992.5796109713427,0,0,1661,11.344,2.996,0.552,0.186,0.47,0.276,0.254
452,2,1165.740277921196,0,0,1699,11.357,3.004,0.547,0.105,0.474,0.279,0.247
452,3,1281.6797797321146,0,1,1739,11.41,3.014,0.546,0.044,0.476,0.277,0.247
452,4,1296.688217868606,0,1,1788,11.41,3.03,0.535,-0.014,0.475,0.281,0.244
453,1,751.3913892287852,1,0,1200,11.511,2.992,0.525,0.056,0.778,0.152,0.07
453,2,1145.429545641286,1,0,1172,11.488,2.991,0.521,0.057,0.771,0.159,0.07
453,3,1214.8222248552515,1,1,1171,11.468,2.998,0.523,0.016,0.772,0.156,0.072
453,4,1281.6570163945642,1,1,1114,11.535,3.012,0.517,-0.01,0.771,0.16,0.069
454,1,715.8904361590421,0,0,1097,11.344,2.967,0.581,0.176,0.9,0.085,0.015
454,2,1009.3290432570484,0,0,1094,11.312,2.949,0.555,0.116,0.898,0.084,0.018
454,3,1092.0389670759464,0,1,1082,11.405,2.955,0.562,0.066,0.896,0.086,0.018
454,4,1244.7131752414723,0,1,1065,11.342,2.977,0.559,0.028,0.895,0.087,0.018
455,1,967.3717260359215,0,0,437,10.993,3.043,0.565,0.201,0.709,0.215,0.076
455,2,978.4634040440725,0,0,420,11.023,3.095,0.576,0.15,0.7,0.224,0.076
455,3,1235.7817468356457,0,1,413,10.942,3.075,0.567,0.128,0.695,0.23,0.075
455,4,1270.412633721629,0,1,396,11.031,3.091,0.573,0.112,0.697,0.225,0.078
456,1,725.3601868791969,0,0,100,11.497,2.92,0.51,-0.109,0.36,0.51,0.13
456,2,889.6191354320381,0,0,96,11.526,2.958,0.531,-0.126,0.375,0.479,0.146
456,3,1088.6845754354615,0,1,123,11.459,2.886,0.52,-0.292,0.325,0.52,0.154
456,4,1096.2201253773428,0,1,123,11.607,3.024,0.528,-0.289,0.341,0.52,0.138
457,1,1134.0007826071678,1,0,180,11.234,2.922,0.544,-0.04,0.594,0.244,0.161
457,2,1425.9277376138027,1,0,175,11.404,2.954,0.543,-0.058,0.611,0.234,0.154
457,3,1324.6476822813167,1,1,175,11.455,2.92,0.514,-0.067,0.629,0.206,0.166
457,4,1602.813952155762,1,1,168,11.554,2.946,0.512,-0.07,0.637,0.202,0.161
458,1,822.5821413303395,0,0,172,12.398,3.064,0.477,-0.302,0.814,0.11,0.076
458,2,781.1325289399342,0,0,175,12.23,3.097,0.463,-0.333,0.817,0.114,0.069
458,3,797.3131839243089,0,1,202,12.309,3.005,0.446,-0.366,0.807,0.114,0.079
458,4,1053.2042764501196,0,1,201,12.131,2.955,0.438,-0.347,0.796,0.129,0.075
459,1,850.6793374649167,1,0,514,11.558,3.019,0.551,0.025,0.556,0.337,0.107
459,2,1311.0563268808182,1,0,494,11.353,3.028,0.549,0.039,0.553,0.348,0.099
459,3,1463.3335174273877,1,1,498,11.324,2.98,0.548,0.036,0.532,0.363,0.104
459,4,1639.4087682348577,1,1,507,11.254,2.986,0.556,-0.012,0.55,0.345,0.105
460,1,805.3711524071335,1,0,539,11.528,2.981,0.62,0.302,0.705,0.23,0.065
460,2,1075.0671304781902,1,0,530,11.608,2.951,0.626,0.258,0.698,0.228,0.074
460,3,1279.7639050316784,1,1,550,11.594,2.987,0.622,0.141,0.691,0.235,0.075
460,4,1502.3689075372954,1,1,523,11.674,2.962,0.625,0.103,0.688,0.237,0.075
461,1,986.0298106419082,0,0,305,11.363,2.977,0.57,0.207,0.872,0.079,0.049
461,2,1148.0132577245738,0,0,321,11.382,2.969,0.53,0.034,0.872,0.084,0.044
461,3,1430.9253696083842,0,1,307,11.426,2.987,0.564,0.068,0.87,0.085,0.046
461,4,1508.7636041803282,0,1,308,11.353,2.971,0.555,0.056,0.877,0.071,0.052
462,1,1262.4033356290442,0,0,618,10.938,3.091,0.586,0.4,0.665,0.193,0.142
462,2,1275.7305751745548,0,0,592,10.76,3.125,0.59,0.405,0.667,0.188,0.145
462,3,1084.857450197356,0,1,594,11.06,3.094,0.557,0.232,0.663,0.197,0.14
462,4,1288.598809860657,0,1,593,11.13,3.066,0.558,0.159,0.673,0.187,0.14
463,1,1019.416119479621,0,0,338,11.355,3.112,0.541,0.097,0.63,0.263,0.107
463,2,999.4381163835368,0,0,333,11.443,3.12,0.526,0.054,0.622,0.276,0.102
463,3,1211.4535340996388,0,1,326,11.569,3.123,0.518,0.052,0.613,0.285,0.101
463,4,1369.202358688259,0,1,310,11.67,3.135,0.535,0.009,0.606,0.277,0.116
464,1,786.1621131651978,1,0,239,10.697,3.079,0.544,0.245,0.565,0.347,0.088
464,2,1259.595102807644,1,0,244,10.837,3.066,0.549,0.232,0.561,0.34,0.098
464,3,1447.3344964279665,1,1,243,11.016,3.037,0.56,0.245,0.564,0.346,0.091
464,4,1513.0730822725582,1,1,256,11.249,2.992,0.527,0.125,0.562,0.363,0.074
465,1,877.1273907955739,0,0,1663,11.168,3.034,0.602,0.275,0.843,0.078,0.079
465,2,1130.8798674492182,0,0,1596,11.205,3.031,0.598,0.26,0.843,0.078,0.079
465,3,1233.8154811600855,0,1,1546,11.32,3.034,0.582,0.141,0.846,0.078,0.076
465,4,1472.7381113542351,0,1,1484,11.384,3.037,0.576,0.088,0.85,0.073,0.076
466,1,984.5107134917556,1,0,1251,11.13,3,0.592,0.24,0.642,0.204,0.154
466,2,1214.395147799589,1,0,1265,11.211,2.989,0.582,0.204,0.636,0.206,0.158
466,3,1352.9556181247535,1,1,1227,11.252,2.985,0.57,0.139,0.639,0.209,0.152
466,4,1424.2236690857553,1,1,1237,11.492,2.952,0.558,0.014,0.639,0.209,0.152
467,1,1416.4667108825256,1,0,89,11.8,2.888,0.517,0.133,0.348,0.382,0.27
467,2,1673.3519184657277,1,0,83,11.698,2.988,0.53,0.163,0.325,0.398,0.277
467,3,1300.5444730796669,1,1,100,12.082,2.99,0.48,0.06,0.3,0.4,0.3
467,4,1317.3637356369695,1,1,94,12.291,2.968,0.468,0.034,0.277,0.404,0.319
468,1,866.7650405089912,0,0,232,11.54,2.875,0.621,0.394,0.819,0.073,0.108
468,2,965.5648457102404,0,0,222,11.559,2.815,0.622,0.379,0.824,0.072,0.104
468,3,1088.5745728379827,0,1,223,11.613,2.83,0.619,0.338,0.83,0.076,0.094
468,4,1458.9013921667308,0,1,218,11.81,2.872,0.61,0.242,0.844,0.078,0.078
469,1,795.8013525664583,0,0,1252,11.225,2.893,0.617,0.44,0.716,0.171,0.113
469,2,1056.8942191405122,0,0,1238,11.261,2.901,0.611,0.394,0.705,0.182,0.113
469,3,1193.917631499453,0,1,1207,11.193,2.866,0.601,0.35,0.705,0.182,0.113
469,4,1368.1322992687797,0,1,1195,11.272,2.85,0.587,0.274,0.705,0.184,0.11
470,1,750.0168232013116,1,0,218,11.799,3.037,0.628,-0.023,0.633,0.28,0.087
470,2,1179.7455355199536,1,0,239,11.768,3.063,0.607,-0.036,0.632,0.289,0.079
470,3,1341.2219772092158,1,1,242,11.85,3.095,0.616,-0.082,0.628,0.293,0.079
470,4,1803.5507627446484,1,1,237,12.071,3.101,0.586,-0.193,0.62,0.304,0.076
471,1,786.3428610382105,1,0,891,12.674,2.93,0.385,-0.82,0.714,0.178,0.108
471,2,855.5279977276238,1,0,1146,12.466,2.951,0.4,-0.771,0.706,0.186,0.108
471,3,968.1886324303573,1,1,1132,12.446,2.958,0.396,-0.732,0.707,0.178,0.115
471,4,1109.8938845160385,1,1,1142,12.366,3.01,0.398,-0.676,0.707,0.175,0.118
472,1,704.0674892343272,0,0,1202,11.811,3.059,0.517,-0.214,0.691,0.181,0.127
472,2,900.3193765737324,0,0,1195,11.884,3.058,0.53,-0.209,0.69,0.185,0.126
472,3,973.6562749652271,0,1,1129,11.962,3.045,0.522,-0.237,0.694,0.18,0.126
472,4,1135.7686464693254,0,1,1137,11.96,3.033,0.496,-0.336,0.7,0.178,0.122
473,1,663.9870768788124,0,0,360,11.549,2.969,0.525,0.102,0.628,0.225,0.147
473,2,1005.3403447568602,0,0,352,11.408,2.957,0.531,0.105,0.622,0.227,0.151
473,3,1102.9372998417482,0,1,343,11.452,2.974,0.557,0.081,0.633,0.21,0.157
473,4,1072.5934214378344,0,1,345,11.493,2.939,0.533,0.006,0.626,0.214,0.159
474,1,725.9058841320779,1,0,112,11.749,3.107,0.446,-0.192,0.795,0.143,0.062
474,2,853.8485451297729,1,0,114,11.92,3.175,0.447,-0.255,0.807,0.14,0.053
474,3,865.7632805400231,1,1,111,11.902,3.144,0.45,-0.257,0.784,0.153,0.063
474,4,1227.7756772648481,1,1,129,12.076,3.093,0.426,-0.469,0.791,0.147,0.062
475,1,1006.7940861177069,1,0,216,11.131,2.963,0.63,0.125,0.667,0.199,0.134
475,2,1170.0459296448146,1,0,200,11.175,2.95,0.635,0.089,0.665,0.195,0.14
475,3,1372.2869597959696,1,1,189,11.247,2.852,0.63,0.031,0.667,0.19,0.143
475,4,1575.7317528500303,1,1,215,11.582,2.837,0.609,-0.004,0.67,0.181,0.149
476,1,970.8907052737625,0,0,401,11.653,2.965,0.531,-0.058,0.551,0.349,0.1
476,2,918.6259043414368,0,0,423,11.69,2.92,0.537,-0.049,0.541,0.355,0.104
476,3,1092.225698528394,0,1,435,11.518,2.956,0.545,-0.002,0.538,0.352,0.11
476,4,1466.4111671222608,0,1,416,11.382,2.981,0.558,-0.007,0.512,0.375,0.113
477,1,861.7350126066209,0,0,265,10.999,3.057,0.566,0.31,0.57,0.298,0.132
477,2,963.4388736409885,0,0,254,10.99,3.028,0.555,0.288,0.575,0.303,0.122
477,3,1212.7445255774717,0,1,288,11.348,3.038,0.545,0.026,0.583,0.292,0.125
477,4,1652.7070287441811,0,1,276,11.395,3.076,0.536,-0.001,0.58,0.301,0.12
478,1,917.0817800555454,0,0,1059,11.297,2.99,0.558,0.121,0.693,0.225,0.082
478,2,1065.957328546446,0,0,1081,11.333,2.976,0.55,0.069,0.703,0.215,0.082
478,3,1108.7070776434985,0,1,1106,11.365,2.988,0.538,-0.013,0.686,0.228,0.086
478,4,1375.443921000389,0,1,1080,11.406,2.993,0.543,-0.015,0.687,0.231,0.081
479,1,921.0391339493765,1,0,1096,11.239,3.062,0.602,0.269,0.581,0.337,0.082
479,2,1096.9037675136951,1,0,1070,11.315,3.083,0.587,0.228,0.584,0.337,0.079
479,3,1376.5462449528293,1,1,1034,11.193,3.048,0.585,0.203,0.588,0.333,0.079
479,4,1670.1958103473753,1,1,952,11.259,3.055,0.579,0.186,0.579,0.337,0.084
480,1,774.2031585836363,0,0,629,11.471,3.033,0.523,-0.008,0.569,0.245,0.186
480,2,910.1892988659731,0,0,621,11.351,3.014,0.528,0.017,0.57,0.258,0.172
480,3,986.496185640978,0,1,629,11.435,3.019,0.542,-0.023,0.569,0.266,0.165
480,4,1169.2917107511446,0,1,683,11.457,2.98,0.523,-0.063,0.546,0.286,0.168
481,1,632.5209223334907,0,0,1016,12.024,2.909,0.431,-0.461,0.593,0.228,0.179
481,2,753.0135798304282,0,0,1015,11.951,2.942,0.454,-0.396,0.587,0.229,0.184
481,3,805.5361527044853,0,1,1052,12.03,2.978,0.445,-0.43,0.58,0.235,0.185
481,4,845.166415912108,0,1,1027,11.978,3.035,0.441,-0.446,0.59,0.232,0.178
482,1,684.4226154399922,0,0,324,10.945,3.031,0.617,0.238,0.738,0.136,0.127
482,2,1024.6674908742657,0,0,318,11.129,3.035,0.619,0.204,0.739,0.126,0.135
482,3,1371.3251422206015,0,1,322,11.244,3.016,0.587,0.13,0.761,0.112,0.127
482,4,1266.0660781745266,0,1,346,11.374,2.962,0.564,-0.007,0.772,0.107,0.121
483,1,927.6135303689302,0,0,601,10.9,2.985,0.604,0.536,0.682,0.198,0.12
483,2,1170.9837200801658,0,0,606,10.92,2.997,0.604,0.475,0.675,0.198,0.127
483,3,1595.5251248862414,0,1,593,10.88,3.012,0.604,0.407,0.666,0.202,0.132
483,4,1684.489222249421,0,1,592,10.991,3.019,0.606,0.352,0.672,0.196,0.132
484,1,572.9584005247468,1,0,232,11.431,3.073,0.483,-0.263,0.75,0.125,0.125
484,2,895.4925992207924,1,0,236,11.477,3.123,0.496,-0.298,0.763,0.123,0.114
484,3,1154.1429478093382,1,1,226,11.469,3.124,0.513,-0.255,0.757,0.119,0.124
484,4,1008.7113793475544,1,1,359,11.597,3.153,0.496,-0.376,0.747,0.125,0.128
485,1,860.5218849685745,1,0,130,11.116,3.077,0.669,0.676,0.446,0.346,0.208
485,2,1341.3205483789939,1,0,130,11.093,3.115,0.669,0.594,0.438,0.362,0.2
485,3,2145.8557081887457,1,1,139,11.272,3.072,0.647,0.377,0.424,0.367,0.209
485,4,1553.3134153901458,1,1,210,11.372,3.162,0.652,0.103,0.414,0.357,0.229
486,1,917.4330621184953,0,0,1143,11.101,3.056,0.588,0.288,0.556,0.306,0.137
486,2,1148.3034617582257,0,0,1128,11.191,3.015,0.574,0.252,0.559,0.307,0.135
486,3,1479.489397001802,0,1,1079,11.2,3.001,0.58,0.245,0.559,0.307,0.134
486,4,1619.9562714147041,0,1,1117,11.249,2.946,0.574,0.133,0.566,0.306,0.128
487,1,648.5968379801741,1,0,147,11.528,3.211,0.449,-0.126,0.687,0.299,0.014
487,2,683.1562270436398,1,0,164,11.588,3.256,0.476,-0.199,0.659,0.323,0.018
487,3,1108.6403999769668,1,1,162,11.872,3.247,0.438,-0.365,0.63,0.352,0.019
487,4,1139.154312091319,1,1,168,11.814,3.155,0.429,-0.382,0.637,0.345,0.018
488,1,756.9718183829464,1,0,285,12.261,2.993,0.47,-0.254,0.768,0.179,0.053
488,2,787.5911287722562,1,0,265,12.18,2.992,0.472,-0.242,0.77,0.185,0.045
488,3,971.2336254414819,1,1,251,12.271,2.94,0.478,-0.214,0.765,0.191,0.044
488,4,1090.1434012918867,1,1,228,12.248,3.066,0.482,-0.224,0.763,0.189,0.048
489,1,716.0653027508914,0,0,456,11.781,3.02,0.504,-0.275,0.614,0.32,0.066
489,2,718.873432473355,0,0,431,11.823,2.968,0.497,-0.304,0.615,0.329,0.056
489,3,1095.0553213594642,0,1,441,11.631,2.93,0.517,-0.266,0.615,0.32,0.066
489,4,1128.8328165308144,0,1,434,11.388,2.942,0.53,-0.294,0.611,0.325,0.065
490,1,679.129828443702,0,0,419,11.319,3.029,0.523,-0.055,0.785,0.16,0.055
490,2,982.1888497647931,0,0,417,11.291,3.058,0.52,-0.044,0.775,0.17,0.055
490,3,1181.4427770643224,0,1,514,11.197,3.074,0.533,-0.077,0.774,0.173,0.053
490,4,1063.199782237486,0,1,505,11.216,3.111,0.519,-0.195,0.786,0.168,0.046
491,1,920.0792572422672,0,0,735,11.315,2.993,0.573,0.14,0.531,0.265,0.204
491,2,1034.1879313708168,0,0,717,11.425,2.974,0.563,0.097,0.527,0.262,0.211
491,3,1134.2362441482894,0,1,662,11.359,2.955,0.559,0.075,0.526,0.26,0.215
491,4,1353.0066526801575,0,1,655,11.434,2.924,0.556,0.009,0.537,0.258,0.205
492,1,688.562841668307,0,0,1372,11.405,3.057,0.569,0.057,0.647,0.249,0.105
492,2,995.0424402984759,0,0,1463,11.501,3.055,0.555,-0.001,0.638,0.26,0.103
492,3,1048.6509797629303,0,1,1431,11.584,3.059,0.538,-0.017,0.628,0.273,0.1
492,4,1227.2307140663722,0,1,1449,11.584,3.03,0.535,-0.047,0.631,0.271,0.098
493,1,862.6990465773016,1,0,206,11.71,3.029,0.524,-0.173,0.733,0.218,0.049
493,2,856.8645162834557,1,0,193,11.727,3.016,0.56,-0.153,0.731,0.223,0.047
493,3,1351.5343695468723,1,1,206,11.61,2.956,0.592,-0.175,0.723,0.233,0.044
493,4,1318.5924296207986,1,1,208,11.522,2.986,0.587,-0.175,0.726,0.24,0.034
494,1,886.091109786617,0,0,2717,11.51,2.981,0.538,-0.002,0.646,0.237,0.117
494,2,1084.728940212155,0,0,2641,11.509,2.961,0.529,-0.033,0.64,0.242,0.119
494,3,1169.9608696981547,0,1,2578,11.522,2.964,0.534,-0.024,0.635,0.243,0.122
494,4,1429.1083503259629,0,1,2541,11.492,2.961,0.534,-0.046,0.634,0.24,0.126
495,1,959.6283498848105,0,0,1098,11.282,2.985,0.586,0.145,0.749,0.185,0.066
495,2,1080.8068080940996,0,0,1052,11.324,2.975,0.589,0.126,0.755,0.18,0.066
495,3,1340.897277048943,0,1,1008,11.303,2.921,0.585,0.105,0.752,0.187,0.062
495,4,1220.5632493818046,0,1,1004,11.382,2.921,0.574,0.038,0.753,0.186,0.061
496,1,919.2806097233263,0,0,527,11.623,2.998,0.52,-0.126,0.769,0.186,0.046
496,2,932.3914363433493,0,0,527,11.572,2.983,0.52,-0.159,0.774,0.184,0.042
496,3,1052.3835233584844,0,1,502,11.473,3.022,0.52,-0.158,0.769,0.189,0.042
496,4,1327.524194964096,0,1,485,11.582,3.01,0.528,-0.191,0.775,0.179,0.045
497,1,968.3149714768033,1,0,339,11.516,3.044,0.566,0.198,0.469,0.389,0.142
497,2,1156.7581277893628,1,0,342,11.602,3.079,0.561,0.082,0.468,0.38,0.152
497,3,1451.751559239448,1,1,325,11.656,3.077,0.557,0.049,0.477,0.363,0.16
497,4,1517.6717647866465,1,1,323,11.733,3.111,0.545,-0.018,0.477,0.35,0.173
498,1,887.7646728535739,1,0,354,11.068,2.862,0.613,0.215,0.712,0.141,0.147
498,2,1340.7906810987517,1,0,355,11.14,2.904,0.592,0.189,0.721,0.141,0.138
498,3,1382.998968146832,1,1,344,11.061,2.89,0.576,0.123,0.709,0.154,0.137
498,4,1411.393441568939,1,1,350,11.142,2.863,0.569,0.003,0.711,0.154,0.134
499,1,891.0883435672212,0,0,435,11.276,3.078,0.566,0.165,0.717,0.138,0.145
499,2,923.0189837211649,0,0,430,11.283,3.056,0.584,0.198,0.726,0.137,0.137
499,3,1037.574580093086,0,1,516,11.393,3.027,0.589,0.111,0.719,0.153,0.128
499,4,1407.1232437428198,0,1,516,11.182,3.01,0.603,0.15,0.707,0.163,0.13
500,1,952.6880774039065,1,0,1096,11.535,3.02,0.525,-0.071,0.594,0.197,0.209
500,2,1212.4392196778,1,0,1154,11.559,3.022,0.523,-0.062,0.605,0.199,0.196
500,3,1234.0502982255175,1,1,1223,11.67,2.991,0.513,-0.149,0.609,0.197,0.194
500,4,1443.8243408697076,1,1,1184,11.644,3.022,0.513,-0.133,0.608,0.19,0.202
