id.practice,year,Y,Z,post,n.patients,V1_avg,V2_avg,V3_avg,V4_avg,V5_A_avg,V5_B_avg,V5_C_avg
1,1,747.5078473934832,0,0,403,12.067,3.032,0.509,-0.094,0.613,0.241,0.146
1,2,1070.356687748665,0,0,405,12.114,3.054,0.514,-0.12,0.6,0.247,0.153
1,3,985.591121541204,0,1,397,12.152,3.03,0.511,-0.139,0.62,0.227,0.154
1,4,1288.4900357643148,0,1,374,12.258,3.021,0.532,-0.183,0.618,0.235,0.147
2,1,902.9813329169373,0,0,820,11.865,2.906,0.515,-0.141,0.452,0.404,0.144
2,2,955.9026975456264,0,0,816,11.858,2.952,0.522,-0.135,0.451,0.406,0.143
2,3,1082.724005802553,0,1,778,11.713,2.915,0.526,-0.12,0.451,0.405,0.144
2,4,1279.3899654340712,0,1,794,11.755,2.948,0.53,-0.209,0.458,0.395,0.146
3,1,729.9497011991639,1,0,737,11.802,2.879,0.494,-0.207,0.752,0.197,0.052
3,2,1019.0028282486395,1,0,687,11.611,2.91,0.511,-0.149,0.751,0.198,0.051
3,3,1032.1916184140273,1,1,687,11.686,2.91,0.512,-0.181,0.741,0.208,0.051
3,4,1246.0164791707002,1,1,685,11.705,2.912,0.523,-0.205,0.736,0.213,0.051
4,1,762.1450316544501,0,0,425,11.818,3.101,0.504,-0.221,0.772,0.148,0.08
4,2,861.9436180018868,0,0,415,11.811,3.07,0.511,-0.209,0.776,0.135,0.089
4,3,881.1917785723915,0,1,425,11.854,3.028,0.513,-0.204,0.774,0.132,0.094
4,4,945.4846880788498,0,1,399,11.737,3.043,0.516,-0.22,0.772,0.13,0.098
5,1,856.9065311476945,0,0,437,11.493,3.009,0.586,0.153,0.776,0.14,0.085
5,2,1084.2197570793394,0,0,428,11.586,3.014,0.598,0.154,0.776,0.147,0.077
5,3,1256.7699276846831,0,1,416,11.465,2.962,0.596,0.152,0.776,0.147,0.077
5,4,1565.9431989047057,0,1,399,11.614,2.965,0.574,0.131,0.777,0.14,0.083
6,1,834.7795604635281,0,0,526,11.207,2.998,0.587,0.142,0.871,0.105,0.025
6,2,1191.4663169092903,0,0,619,11.33,3.032,0.586,0.152,0.874,0.099,0.027
6,3,1192.999691844138,0,1,653,11.279,3.075,0.574,0.127,0.874,0.101,0.025
6,4,1450.7047478480706,0,1,632,11.305,3.065,0.562,0.046,0.866,0.106,0.028
7,1,747.7210795555641,0,0,218,11.958,3.156,0.463,-0.492,0.839,0.119,0.041
7,2,640.5706874632557,0,0,196,11.821,3.143,0.469,-0.425,0.842,0.117,0.041
7,3,690.2028474067374,0,1,194,11.6,3.18,0.5,-0.393,0.835,0.119,0.046
7,4,1052.0570865348905,0,1,193,11.652,3.192,0.477,-0.344,0.824,0.13,0.047
8,1,954.5193476220737,1,0,755,10.483,3.077,0.615,0.508,0.701,0.223,0.077
8,2,1190.6882143721234,1,0,814,10.72,3.045,0.606,0.41,0.69,0.232,0.077
8,3,1440.6372156947996,1,1,833,10.806,3.047,0.609,0.357,0.689,0.229,0.082
8,4,1744.4508740514777,1,1,786,10.807,3.028,0.599,0.323,0.69,0.23,0.08
9,1,616.9531391122339,0,0,866,11.718,3.074,0.499,-0.073,0.903,0.069,0.028
9,2,859.6840446195363,0,0,864,11.6,3.044,0.502,-0.064,0.903,0.072,0.025
9,3,1045.2215245983161,0,1,865,11.63,3.064,0.499,-0.112,0.904,0.067,0.029
9,4,1095.5921113463119,0,1,871,11.648,3.052,0.501,-0.145,0.907,0.068,0.025
10,1,717.6155414506059,0,0,600,11.221,3.057,0.518,0.159,0.787,0.135,0.078
10,2,974.2700604005164,0,0,614,11.223,3.016,0.51,0.097,0.785,0.129,0.086
10,3,1121.8838878420506,0,1,610,11.563,3.018,0.489,-0.021,0.785,0.128,0.087
10,4,1284.153847036973,0,1,612,11.483,3.021,0.482,-0.076,0.783,0.123,0.095
11,1,954.2188717490272,1,0,3723,11.43,2.999,0.543,0.112,0.775,0.162,0.063
11,2,1092.8149738976572,1,0,3672,11.447,3.016,0.544,0.11,0.776,0.16,0.064
11,3,1239.2259507815145,1,1,3495,11.443,3.021,0.542,0.085,0.777,0.16,0.064
11,4,1342.1218229795954,1,1,3398,11.464,3.006,0.534,0.054,0.781,0.16,0.059
12,1,1048.2665819280885,1,0,659,11.594,2.982,0.514,-0.014,0.763,0.141,0.096
12,2,1036.1456082877887,1,0,639,11.642,2.972,0.518,-0.008,0.757,0.15,0.092
12,3,1240.504742201255,1,1,647,11.569,2.991,0.529,0.012,0.754,0.155,0.091
12,4,1497.2370706758566,1,1,659,11.522,2.989,0.516,-0.033,0.759,0.153,0.088
13,1,740.6650212847086,1,0,409,11.291,3.049,0.531,0.188,0.562,0.259,0.178
13,2,1061.6858889622993,1,0,376,11.352,3.051,0.545,0.188,0.574,0.253,0.173
13,3,1383.948653812932,1,1,385,11.433,3.044,0.538,0.165,0.574,0.252,0.174
13,4,1372.4486833058206,1,1,411,11.544,3.161,0.543,0.071,0.56,0.263,0.178
14,1,1157.1882976822487,0,0,331,10.789,3.027,0.613,0.378,0.592,0.184,0.224
14,2,1043.0729438335572,0,0,344,10.948,3,0.584,0.202,0.578,0.201,0.221
14,3,1300.3134541039287,0,1,332,11.03,3.012,0.566,0.145,0.566,0.19,0.244
14,4,1872.7673356086061,0,1,318,10.936,3.022,0.585,0.183,0.569,0.198,0.233
15,1,652.2652541494297,0,0,320,11.795,2.966,0.522,-0.129,0.791,0.15,0.059
15,2,882.6398139720959,0,0,332,11.736,3.009,0.509,-0.143,0.789,0.145,0.066
15,3,1084.0105049086276,0,1,326,11.698,3.012,0.503,-0.167,0.788,0.141,0.071
15,4,967.1396092132643,0,1,296,11.648,3.01,0.497,-0.141,0.791,0.135,0.074
16,1,933.0363710491375,1,0,167,11.676,2.713,0.557,-0.027,0.731,0.138,0.132
16,2,1115.018087020683,1,0,184,11.616,2.712,0.549,0.003,0.696,0.174,0.13
16,3,1198.778540862833,1,1,206,11.8,2.82,0.539,-0.108,0.714,0.155,0.131
16,4,1306.191346310419,1,1,211,11.753,2.791,0.536,-0.125,0.735,0.137,0.128
17,1,1124.461916692753,1,0,61,11.609,3.131,0.607,0.339,0.393,0.393,0.213
17,2,845.232548821312,1,0,83,11.413,3.133,0.602,0.294,0.41,0.41,0.181
17,3,862.4003958935841,1,1,86,11.308,3.256,0.605,0.2,0.384,0.442,0.174
17,4,1138.7370616695878,1,1,86,11.139,3.279,0.581,0.173,0.372,0.43,0.198
18,1,893.4576988098038,0,0,2719,11.15,3.057,0.561,0.186,0.597,0.284,0.12
18,2,1159.519595688113,0,0,2748,11.27,3.025,0.553,0.115,0.601,0.279,0.12
18,3,1126.8325583853496,0,1,2790,11.356,3.034,0.547,0.048,0.599,0.278,0.123
18,4,1357.3035286981155,0,1,2752,11.303,3.017,0.542,0.016,0.605,0.275,0.12
19,1,619.7895917795885,0,0,465,11.95,3.006,0.49,-0.198,0.553,0.316,0.131
19,2,755.8483370479909,0,0,463,11.933,3.052,0.497,-0.17,0.538,0.333,0.13
19,3,954.0541551885204,0,1,483,11.831,3.05,0.499,-0.155,0.528,0.356,0.116
19,4,1100.4448770747608,0,1,456,11.739,3.011,0.526,-0.158,0.524,0.362,0.114
20,1,882.8457965267638,1,0,485,11.575,3.008,0.513,0.037,0.678,0.171,0.151
20,2,1125.2179037202,1,0,473,11.33,2.966,0.514,0.041,0.679,0.161,0.161
20,3,1373.3373490732415,1,1,485,11.459,2.981,0.524,0.015,0.682,0.163,0.155
20,4,1367.6638509748907,1,1,474,11.466,2.945,0.536,0,0.681,0.162,0.156
21,1,823.5148699816505,0,0,756,11.427,2.933,0.521,0.038,0.545,0.271,0.184
21,2,996.0279960131123,0,0,704,11.406,2.896,0.527,0.058,0.544,0.271,0.185
21,3,1276.1012477975792,0,1,695,11.348,2.855,0.528,0.025,0.547,0.271,0.183
21,4,1405.063646793082,0,1,707,11.464,2.884,0.523,-0.008,0.545,0.28,0.175
22,1,701.1319922003546,0,0,140,12.128,3.136,0.529,-0.08,0.886,0.1,0.014
22,2,775.139762670123,0,0,148,11.852,3.068,0.527,-0.041,0.872,0.108,0.02
22,3,890.6939813998156,0,1,142,11.685,3.162,0.507,-0.013,0.873,0.106,0.021
22,4,887.1239601992519,0,1,146,11.639,3.205,0.521,0.02,0.877,0.11,0.014
23,1,716.2583459951704,0,0,200,12.419,3.09,0.42,-0.472,0.81,0.135,0.055
23,2,733.3388640267491,0,0,191,12.542,3.089,0.429,-0.429,0.796,0.147,0.058
23,3,1181.8322030976801,0,1,196,12.638,3.061,0.454,-0.362,0.801,0.153,0.046
23,4,967.9538819684171,0,1,209,12.541,3.033,0.455,-0.378,0.799,0.153,0.048
24,1,876.6326172969035,1,0,1372,11.321,3.007,0.537,0.083,0.598,0.248,0.155
24,2,1189.15591719817,1,0,1350,11.329,3.007,0.539,0.058,0.59,0.253,0.158
24,3,1299.3283610915462,1,1,1336,11.305,2.99,0.531,0.046,0.59,0.258,0.152
24,4,1303.1616428338916,1,1,1322,11.349,2.996,0.528,-0.009,0.594,0.252,0.154
25,1,879.0666940622264,1,0,661,11.637,3.032,0.522,0.047,0.652,0.238,0.11
25,2,1178.9242200539577,1,0,667,11.7,3.022,0.522,0.048,0.64,0.246,0.114
25,3,1323.6150218399966,1,1,626,11.566,3.013,0.524,0.052,0.652,0.238,0.11
25,4,1438.3479020209186,1,1,608,11.486,2.992,0.539,0.044,0.633,0.252,0.115
26,1,906.7054931581958,0,0,166,11.216,3.024,0.554,0.112,0.952,0.036,0.012
26,2,864.8341923954506,0,0,190,11.398,3.021,0.532,-0.037,0.953,0.026,0.021
26,3,1169.6188656822376,0,1,205,11.226,3.039,0.527,-0.059,0.946,0.029,0.024
26,4,1518.79270622136,0,1,198,11.134,3.081,0.53,-0.103,0.944,0.03,0.025
27,1,525.8880093748244,1,0,122,12.411,3.27,0.607,0.125,0.689,0.164,0.148
27,2,882.1338109255928,1,0,124,12.356,3.306,0.605,0.086,0.685,0.169,0.145
27,3,1667.3661123056072,1,1,130,12.431,3.469,0.6,0.066,0.669,0.169,0.162
27,4,1187.579192255072,1,1,152,12.162,3.263,0.586,-0.128,0.678,0.171,0.151
28,1,876.8863546765577,1,0,822,11.214,3.009,0.551,0.162,0.708,0.19,0.102
28,2,1105.8401688472532,1,0,794,11.323,3.024,0.539,0.103,0.709,0.188,0.103
28,3,1149.2481283371,1,1,786,11.252,3.062,0.539,0.068,0.7,0.191,0.109
28,4,1413.9254186823368,1,1,836,11.447,3.001,0.524,-0.051,0.685,0.2,0.115
29,1,746.7578922007443,0,0,1540,12.081,3.047,0.478,-0.342,0.668,0.197,0.135
29,2,877.6633667429155,0,0,1438,12.018,3.047,0.49,-0.292,0.666,0.199,0.136
29,3,958.0150512135982,0,1,1405,11.97,3.011,0.488,-0.291,0.663,0.204,0.133
29,4,1054.023804320806,0,1,1386,11.915,3.028,0.482,-0.346,0.658,0.206,0.136
30,1,959.5552348143711,0,0,1662,11.143,2.96,0.563,0.324,0.81,0.101,0.088
30,2,1114.2551816241737,0,0,1698,11.222,2.969,0.557,0.247,0.816,0.1,0.085
30,3,1273.4253836257994,0,1,1746,11.275,2.967,0.554,0.185,0.82,0.099,0.082
30,4,1334.6394580520257,0,1,1750,11.371,2.971,0.553,0.136,0.813,0.098,0.089
31,1,992.1646756953704,1,0,1250,11.246,2.986,0.591,0.301,0.722,0.122,0.156
31,2,1240.6514725502816,1,0,1229,11.23,3.006,0.581,0.282,0.729,0.124,0.147
31,3,1464.086637881324,1,1,1210,11.28,2.979,0.572,0.243,0.733,0.119,0.148
31,4,1612.449344493437,1,1,1292,11.518,2.978,0.545,0.103,0.738,0.121,0.142
32,1,1007.2278279656913,0,0,280,10.813,2.825,0.532,0.384,0.739,0.182,0.079
32,2,1023.4199359669173,0,0,302,10.943,2.864,0.526,0.194,0.748,0.166,0.086
32,3,1029.5777987281276,0,1,342,10.891,2.915,0.512,0.081,0.757,0.161,0.082
32,4,1574.8685293292606,0,1,326,11.039,2.908,0.482,0.009,0.761,0.163,0.077
33,1,895.3000482451912,1,0,360,10.813,3.022,0.594,0.383,0.75,0.114,0.136
33,2,1455.2695261236645,1,0,374,11.049,3,0.599,0.363,0.754,0.128,0.118
33,3,1502.0752122914503,1,1,356,11.109,2.966,0.587,0.319,0.764,0.132,0.104
33,4,1577.702083950279,1,1,349,11.168,2.926,0.573,0.26,0.774,0.126,0.1
34,1,910.6930139089584,0,0,1200,11.186,2.996,0.571,0.281,0.559,0.235,0.206
34,2,1116.807993391493,0,0,1158,11.261,2.988,0.573,0.255,0.562,0.237,0.2
34,3,1207.3386404561763,0,1,1180,11.401,3.001,0.562,0.15,0.564,0.235,0.201
34,4,1341.5845734753889,0,1,1216,11.507,2.954,0.558,0.076,0.552,0.241,0.207
35,1,584.854827946541,1,0,244,11.846,3.09,0.463,-0.362,0.648,0.246,0.107
35,2,866.3554194493823,1,0,236,11.87,3.161,0.453,-0.386,0.64,0.254,0.106
35,3,944.6107451345163,1,1,230,11.692,3.091,0.461,-0.362,0.613,0.283,0.104
35,4,1215.0191094856423,1,1,255,11.674,3.118,0.451,-0.32,0.612,0.294,0.094
36,1,975.1671852761438,1,0,249,11.652,2.851,0.418,-0.134,0.703,0.205,0.092
36,2,1158.4287421798902,1,0,248,11.78,2.71,0.448,-0.115,0.698,0.202,0.101
36,3,1422.8460834661673,1,1,233,11.527,2.73,0.459,-0.087,0.7,0.189,0.112
36,4,1743.2851803745757,1,1,240,11.533,2.783,0.458,-0.14,0.692,0.196,0.112
37,1,643.5116279644184,0,0,89,11.884,3.326,0.382,-0.059,0.876,0.112,0.011
37,2,697.3522603398434,0,0,86,12.071,3.326,0.349,-0.168,0.872,0.116,0.012
37,3,870.8642720241398,0,1,89,11.995,3.225,0.382,-0.207,0.854,0.135,0.011
37,4,855.6730104262074,0,1,96,11.681,3.385,0.417,-0.113,0.865,0.125,0.01
38,1,1421.168225020853,1,0,91,12.231,2.857,0.451,-0.049,0.747,0.121,0.132
38,2,1766.020971373948,1,0,88,12.397,2.955,0.466,-0.055,0.727,0.136,0.136
38,3,1175.4090320700057,1,1,90,12.342,3.011,0.478,-0.09,0.733,0.133,0.133
38,4,1295.2896190160802,1,1,81,11.897,3.099,0.444,-0.101,0.691,0.16,0.148
39,1,841.006320353692,1,0,435,11.742,2.754,0.506,-0.142,0.701,0.223,0.076
39,2,787.7049296945054,1,0,438,11.679,2.824,0.532,-0.105,0.685,0.231,0.084
39,3,951.91019096029,1,1,441,11.73,2.789,0.531,-0.133,0.68,0.229,0.091
39,4,1056.2396442574973,1,1,419,11.719,2.766,0.532,-0.15,0.687,0.229,0.084
40,1,834.3565675000876,0,0,355,10.698,3.141,0.563,0.268,0.814,0.11,0.076
40,2,1248.2598344138169,0,0,366,10.759,3.071,0.546,0.239,0.811,0.115,0.074
40,3,1243.154464573954,0,1,377,11.049,3.095,0.531,0.064,0.814,0.109,0.077
40,4,1339.4015875092934,0,1,356,11.321,3.146,0.522,0.038,0.795,0.121,0.084
41,1,860.16856302754,0,0,1970,11.708,2.953,0.505,-0.19,0.772,0.157,0.071
41,2,941.6857378639781,0,0,1868,11.688,2.944,0.498,-0.179,0.777,0.151,0.071
41,3,1061.6296516291216,0,1,1897,11.779,2.965,0.494,-0.208,0.768,0.158,0.074
41,4,1026.2808804396068,0,1,2137,11.839,2.982,0.479,-0.347,0.758,0.167,0.076
42,1,753.1917802708576,1,0,617,11.73,2.959,0.52,-0.051,0.812,0.147,0.041
42,2,963.745336981255,1,0,585,11.69,2.995,0.516,-0.096,0.805,0.157,0.038
42,3,1132.9578708454028,1,1,582,11.68,3.017,0.519,-0.094,0.797,0.167,0.036
42,4,1181.472209249985,1,1,645,11.697,3.071,0.505,-0.186,0.806,0.155,0.039
43,1,579.6031361943762,1,0,230,11.873,3.213,0.552,-0.12,0.713,0.2,0.087
43,2,934.9948890563986,1,0,239,12.064,3.113,0.54,-0.182,0.72,0.197,0.084
43,3,1045.2914458055423,1,1,234,12.304,3.077,0.517,-0.273,0.731,0.188,0.081
43,4,1071.9366172384275,1,1,232,12.203,3.022,0.496,-0.41,0.741,0.172,0.086
44,1,908.6135793041852,0,0,217,11.128,2.687,0.567,0.399,0.498,0.355,0.147
44,2,1004.7220274290611,0,0,299,11.251,2.803,0.502,0.148,0.508,0.341,0.151
44,3,1281.9154070722177,0,1,299,11.153,2.856,0.508,0.068,0.512,0.338,0.151
44,4,1639.9854929334822,0,1,275,10.889,2.88,0.484,0.064,0.487,0.349,0.164
45,1,1003.9825273566892,1,0,61,11.515,2.951,0.492,0.32,0.721,0.23,0.049
45,2,1606.4615067050397,1,0,85,11.901,3.035,0.529,0.063,0.741,0.2,0.059
45,3,1677.3035945217787,1,1,94,11.817,3,0.532,-0.092,0.755,0.202,0.043
45,4,1108.877750658011,1,1,142,11.315,3.049,0.549,-0.071,0.732,0.204,0.063
46,1,973.2735262371552,1,0,204,11.473,2.966,0.515,0.152,0.75,0.186,0.064
46,2,1237.002971946375,1,0,195,11.355,3.103,0.523,0.163,0.769,0.154,0.077
46,3,1425.5834768627194,1,1,185,11.371,3.038,0.514,0.246,0.789,0.135,0.076
46,4,1473.618896054572,1,1,181,11.319,3.033,0.53,0.226,0.79,0.127,0.083
47,1,1672.3670275412796,0,0,121,11.041,3.025,0.603,0.146,0.843,0.116,0.041
47,2,932.987617008327,0,0,125,11.049,3.2,0.632,0.156,0.856,0.104,0.04
47,3,958.1632916814949,0,1,126,11.011,3.27,0.643,0.137,0.865,0.095,0.04
47,4,991.7677675606191,0,1,123,11.065,3.301,0.626,0.1,0.854,0.098,0.049
48,1,825.3765023734528,0,0,1462,11.536,3,0.521,-0.023,0.514,0.183,0.303
48,2,1179.1498287953857,0,0,1438,11.592,2.992,0.52,-0.009,0.517,0.179,0.304
48,3,1192.069913083055,0,1,1371,11.587,2.972,0.524,-0.011,0.52,0.174,0.306
48,4,1399.519810640176,0,1,1303,11.641,2.979,0.525,-0.04,0.517,0.173,0.311
49,1,516.5509796848951,0,0,130,10.941,3.1,0.515,0.07,0.492,0.269,0.238
49,2,1432.721633808416,0,0,128,10.876,3.039,0.539,0.097,0.5,0.258,0.242
49,3,1052.3146513685972,0,1,118,10.964,3.051,0.542,0.057,0.5,0.246,0.254
49,4,1042.643679335695,0,1,115,11.006,3.043,0.539,0.03,0.504,0.235,0.261
50,1,960.9561094069829,1,0,661,11.237,2.964,0.572,0.223,0.587,0.263,0.15
50,2,1127.2913747407604,1,0,645,11.354,2.943,0.552,0.188,0.583,0.27,0.147
50,3,1294.7914525618835,1,1,692,11.555,2.938,0.543,0.104,0.582,0.269,0.149
50,4,1256.9642483950377,1,1,735,11.584,2.973,0.516,0.005,0.585,0.271,0.144
51,1,644.1136910013653,0,0,1664,12.39,3.06,0.427,-0.555,0.394,0.508,0.098
51,2,720.8865098130132,0,0,1606,12.302,3.074,0.44,-0.489,0.395,0.506,0.098
51,3,755.8206905973664,0,1,1654,12.13,3.071,0.455,-0.448,0.397,0.501,0.102
51,4,854.5483732885399,0,1,1585,12.075,3.057,0.468,-0.435,0.39,0.508,0.102
52,1,857.0650608425293,0,0,1097,11.263,2.964,0.575,0.144,0.682,0.217,0.101
52,2,959.874638523628,0,0,1220,11.295,2.972,0.57,0.098,0.688,0.213,0.099
52,3,1309.9596129723207,0,1,1230,11.352,2.963,0.57,0.068,0.685,0.213,0.102
52,4,1188.3300185898697,0,1,1185,11.448,2.965,0.558,0.01,0.682,0.21,0.108
53,1,1064.9932112671752,1,0,1460,10.887,3.064,0.624,0.472,0.353,0.412,0.235
53,2,1381.5792128743346,1,0,1526,10.968,3.056,0.602,0.381,0.355,0.41,0.235
53,3,1491.379816139538,1,1,1575,11.164,3.072,0.577,0.269,0.347,0.42,0.234
53,4,1673.9428246414934,1,1,1465,11.174,3.082,0.572,0.251,0.352,0.41,0.238
54,1,637.2428945363273,0,0,360,10.898,3.014,0.586,0.303,0.8,0.147,0.053
54,2,1013.5372771468228,0,0,360,10.889,2.994,0.575,0.257,0.806,0.131,0.064
54,3,1507.56122102473,0,1,348,10.967,2.994,0.575,0.233,0.796,0.135,0.069
54,4,1341.5460947645363,0,1,329,11.337,3.03,0.568,0.169,0.802,0.134,0.064
55,1,942.483782291738,0,0,474,11.433,2.989,0.549,0.157,0.667,0.257,0.076
55,2,890.7836639707351,0,0,464,11.431,3.006,0.539,0.137,0.651,0.274,0.075
55,3,1118.884194255316,0,1,480,11.486,3.054,0.546,0.109,0.658,0.269,0.073
55,4,1145.8228152265322,0,1,450,11.486,3.082,0.547,0.095,0.667,0.26,0.073
56,1,665.0931408298417,0,0,475,11.797,2.975,0.446,-0.449,0.745,0.12,0.135
56,2,883.8521669735804,0,0,490,11.848,2.947,0.443,-0.388,0.747,0.12,0.133
56,3,886.0509481434434,0,1,518,11.786,2.932,0.44,-0.392,0.739,0.122,0.139
56,4,997.3932473375139,0,1,494,11.699,2.945,0.449,-0.391,0.729,0.121,0.15
57,1,801.0203407888448,0,0,78,12.192,2.718,0.615,0.109,0.731,0.167,0.103
57,2,1100.0656266141166,0,0,90,12.132,2.733,0.6,0.087,0.722,0.178,0.1
57,3,1414.9432046326424,0,1,90,12.582,2.733,0.589,0.038,0.7,0.189,0.111
57,4,1098.558028445634,0,1,84,12.636,2.821,0.571,0.017,0.69,0.179,0.131
58,1,750.2976704589113,0,0,575,11.695,3.028,0.534,-0.105,0.821,0.087,0.092
58,2,1194.7925960550297,0,0,581,11.725,3.071,0.535,-0.137,0.818,0.09,0.093
58,3,1158.490436318481,0,1,605,11.678,3.045,0.527,-0.201,0.817,0.094,0.089
58,4,1251.6369673429926,0,1,615,11.76,3.05,0.507,-0.255,0.821,0.088,0.091
59,1,1046.9920807805202,0,0,274,11.363,3.179,0.496,-0.063,0.755,0.142,0.102
59,2,948.8007703867304,0,0,302,11.394,3.146,0.503,-0.119,0.762,0.139,0.099
59,3,982.424031276335,0,1,289,11.427,3.125,0.495,-0.157,0.779,0.142,0.08
59,4,986.6277844800578,0,1,353,11.45,3.071,0.51,-0.14,0.737,0.15,0.113
60,1,1024.9671280845128,1,0,148,10.18,2.797,0.622,0.288,0.568,0.203,0.23
60,2,1753.776995146765,1,0,139,10.143,2.892,0.64,0.296,0.561,0.201,0.237
60,3,1303.602505874871,1,1,239,10.451,3.013,0.632,0.231,0.59,0.188,0.222
60,4,1247.6885227615808,1,1,279,10.705,3,0.584,-0.021,0.541,0.208,0.251
61,1,688.4953223166108,0,0,1370,12.165,3.022,0.45,-0.385,0.795,0.158,0.047
61,2,836.6764758281141,0,0,1376,12.023,3.007,0.461,-0.343,0.798,0.156,0.046
61,3,889.5456535474923,0,1,1361,11.991,3.012,0.46,-0.338,0.793,0.157,0.051
61,4,1004.685666588622,0,1,1401,11.968,3.006,0.467,-0.361,0.79,0.156,0.054
62,1,1113.178785275419,1,0,77,11.687,2.974,0.506,-0.468,0.545,0.286,0.169
62,2,880.3709679640571,1,0,84,11.571,3.036,0.5,-0.384,0.548,0.31,0.143
62,3,1148.1412135302119,1,1,98,11.607,3.102,0.459,-0.462,0.571,0.296,0.133
62,4,1481.039485311796,1,1,115,11.945,3.043,0.47,-0.379,0.539,0.313,0.148
63,1,754.5374742133074,0,0,3722,12.213,2.987,0.441,-0.478,0.639,0.246,0.115
63,2,838.2167493583452,0,0,3493,12.143,2.987,0.447,-0.439,0.638,0.244,0.119
63,3,849.6376098647597,0,1,3361,12.092,2.991,0.448,-0.429,0.643,0.242,0.114
63,4,1035.825016472124,0,1,3244,11.99,2.978,0.45,-0.393,0.645,0.242,0.113
64,1,694.5183194686477,0,0,192,12.114,3.005,0.531,0.078,0.448,0.359,0.193
64,2,863.3176704837231,0,0,275,12.129,2.873,0.516,-0.047,0.451,0.375,0.175
64,3,968.8511318216968,0,1,276,11.92,2.902,0.493,-0.074,0.453,0.373,0.174
64,4,1213.5549908485564,0,1,262,11.878,2.889,0.481,-0.098,0.454,0.366,0.179
65,1,569.8780984654904,0,0,180,11.846,2.894,0.489,-0.063,0.661,0.217,0.122
65,2,905.1290317424783,0,0,173,11.983,2.867,0.486,-0.025,0.682,0.197,0.121
65,3,1038.8152490851248,0,1,168,12.178,2.988,0.494,-0.063,0.685,0.19,0.125
65,4,1238.7433259092436,0,1,172,11.979,2.93,0.483,-0.094,0.686,0.198,0.116
66,1,806.7016814870391,0,0,331,11.148,3.033,0.631,0.489,0.813,0.145,0.042
66,2,1376.0852213913333,0,0,328,11.096,3.088,0.631,0.482,0.82,0.137,0.043
66,3,1282.2258413703544,0,1,333,11.282,3.033,0.619,0.394,0.829,0.132,0.039
66,4,1581.414834675363,0,1,302,11.216,2.99,0.599,0.337,0.811,0.136,0.053
67,1,1163.093672684416,0,0,919,11.366,3.067,0.57,0.203,0.681,0.238,0.081
67,2,1308.1311125064856,0,0,955,11.291,3.089,0.57,0.156,0.684,0.231,0.085
67,3,1427.8657368272925,0,1,915,11.297,3.089,0.555,0.139,0.687,0.232,0.081
67,4,1497.5098846531414,0,1,866,11.347,3.13,0.554,0.1,0.694,0.223,0.083
68,1,692.5260228351941,0,0,660,11.53,2.992,0.505,-0.029,0.492,0.261,0.247
68,2,858.2092709649362,0,0,679,11.627,3.004,0.505,-0.022,0.485,0.264,0.252
68,3,1037.727710633921,0,1,685,11.573,3.018,0.491,-0.073,0.489,0.273,0.238
68,4,1250.402149213101,0,1,695,11.551,2.996,0.515,-0.053,0.479,0.271,0.25
69,1,816.4175027297487,0,0,2285,11.428,2.982,0.554,0.054,0.734,0.169,0.097
69,2,1046.2056637884464,0,0,2281,11.449,2.975,0.551,0.005,0.735,0.164,0.101
69,3,1202.7223380459884,0,1,2298,11.468,2.969,0.55,0.003,0.731,0.165,0.104
69,4,1301.3534839139452,0,1,2199,11.417,2.958,0.546,-0.02,0.724,0.17,0.106
70,1,760.0853497151272,1,0,517,11.237,2.925,0.578,0.214,0.553,0.304,0.143
70,2,1099.908581889612,1,0,536,11.446,2.998,0.571,0.164,0.558,0.304,0.138
70,3,1186.586647170199,1,1,570,11.409,2.982,0.558,0.107,0.556,0.307,0.137
70,4,1491.5196747682646,1,1,553,11.461,2.922,0.537,0.057,0.542,0.309,0.148
71,1,910.9386230123259,1,0,171,11.856,3.006,0.485,-0.124,0.725,0.257,0.018
71,2,1163.1358605013784,1,0,180,11.708,3.078,0.517,-0.041,0.739,0.244,0.017
71,3,1401.5029341351692,1,1,192,11.687,3.13,0.526,-0.039,0.755,0.229,0.016
71,4,940.6838866400743,1,1,215,11.999,3.028,0.54,-0.053,0.758,0.205,0.037
72,1,798.4282756247717,0,0,574,10.917,3.082,0.598,0.298,0.491,0.322,0.186
72,2,1102.3466822130476,0,0,573,11.01,3.073,0.593,0.323,0.48,0.328,0.192
72,3,1243.9647020702478,0,1,560,11.022,3.055,0.598,0.302,0.493,0.325,0.182
72,4,1526.271373595692,0,1,540,11.012,3.019,0.596,0.288,0.502,0.32,0.178
73,1,736.5193105730818,1,0,456,11.797,2.921,0.524,-0.169,0.664,0.18,0.156
73,2,934.4803956228836,1,0,479,11.982,2.958,0.534,-0.209,0.662,0.177,0.161
73,3,1100.0937129876318,1,1,496,11.995,2.998,0.544,-0.212,0.651,0.198,0.151
73,4,1083.2553513807493,1,1,491,11.911,2.965,0.568,-0.206,0.652,0.191,0.157
74,1,1113.0517691434834,0,0,386,11.024,3.008,0.609,0.411,0.839,0.122,0.039
74,2,1171.6978251348849,0,0,422,11.206,2.983,0.604,0.374,0.839,0.123,0.038
74,3,1341.8926675713033,0,1,400,11.22,2.967,0.585,0.324,0.835,0.125,0.04
74,4,1433.5942297222036,0,1,368,11.481,2.954,0.573,0.257,0.851,0.114,0.035
75,1,1056.343118337904,1,0,60,12.011,3.3,0.617,-0.031,0.833,0.133,0.033
75,2,1418.2241405012728,1,0,61,12.103,3.131,0.574,-0.065,0.803,0.164,0.033
75,3,1221.9654486536203,1,1,57,12.373,3.158,0.596,-0.101,0.825,0.158,0.018
75,4,1526.9179068642923,1,1,64,12.228,3.031,0.594,-0.224,0.812,0.172,0.016
76,1,916.111337761501,1,0,1139,11.649,3.128,0.507,-0.097,0.679,0.233,0.089
76,2,1078.584202630432,1,0,1171,11.61,3.092,0.517,-0.08,0.68,0.232,0.088
76,3,1290.534132048132,1,1,1114,11.535,3.089,0.522,-0.054,0.669,0.236,0.095
76,4,1284.611193075986,1,1,1107,11.585,3.08,0.51,-0.116,0.667,0.239,0.094
77,1,870.7868402591428,0,0,286,12.713,3.084,0.469,-0.163,0.752,0.14,0.108
77,2,1060.6323416456069,0,0,313,12.564,3.048,0.45,-0.193,0.757,0.134,0.109
77,3,997.3874486243121,0,1,307,12.384,2.938,0.459,-0.178,0.762,0.143,0.094
77,4,1289.0647464161214,0,1,302,12.177,2.93,0.47,-0.106,0.738,0.159,0.103
78,1,866.5364274619453,1,0,514,11.577,2.947,0.547,-0.067,0.767,0.148,0.086
78,2,1071.1503135390024,1,0,523,11.551,3,0.545,-0.06,0.755,0.157,0.088
78,3,1388.0711886274257,1,1,495,11.518,3.044,0.547,0.001,0.758,0.164,0.079
78,4,1469.6660197225347,1,1,509,11.704,3.031,0.534,-0.121,0.758,0.159,0.083
79,1,960.6096904765263,1,0,321,11.966,3,0.567,0.088,0.595,0.283,0.121
79,2,1147.314070342142,1,0,316,12.141,2.978,0.563,0.024,0.585,0.291,0.123
79,3,1116.532705804078,1,1,335,12.113,2.964,0.534,-0.069,0.582,0.275,0.143
79,4,1266.0915880574707,1,1,324,12.136,2.932,0.54,-0.087,0.58,0.265,0.154
80,1,843.9275404516545,1,0,1251,11.454,2.964,0.529,0.061,0.668,0.234,0.098
80,2,1093.973436525801,1,0,1223,11.395,2.957,0.534,0.032,0.662,0.24,0.098
80,3,1247.7639900322333,1,1,1193,11.432,2.956,0.53,0.046,0.66,0.236,0.105
80,4,1503.8416457517203,1,1,1216,11.478,2.973,0.516,-0.054,0.662,0.231,0.107
81,1,935.6435396141942,0,0,220,10.647,2.986,0.623,0.239,0.632,0.268,0.1
81,2,1263.8887849247913,0,0,211,10.577,2.91,0.611,0.261,0.645,0.261,0.095
81,3,1171.2911527614733,0,1,233,10.802,2.811,0.584,0.147,0.627,0.292,0.082
81,4,1194.4026711003148,0,1,223,10.863,2.807,0.583,0.152,0.637,0.278,0.085
82,1,639.9582495136406,0,0,354,11.704,2.876,0.525,0.025,0.768,0.127,0.105
82,2,1119.9080533461151,0,0,354,11.74,2.876,0.534,0.023,0.768,0.13,0.102
82,3,1026.2279407492829,0,1,338,11.923,2.831,0.536,0.031,0.781,0.127,0.092
82,4,1372.1491274077127,0,1,321,12.181,2.81,0.526,-0.051,0.766,0.134,0.1
83,1,869.7886979955119,0,0,226,12.077,3.084,0.571,-0.151,0.593,0.199,0.208
83,2,1206.6594622287048,0,0,288,11.77,3.045,0.556,-0.091,0.618,0.191,0.191
83,3,1030.44740518004,0,1,302,11.818,3.053,0.573,-0.156,0.599,0.199,0.202
83,4,1163.4753048256116,0,1,288,11.864,3.014,0.562,-0.165,0.615,0.201,0.184
84,1,871.4014585005999,0,0,918,11.531,3.009,0.541,0.11,0.644,0.193,0.163
84,2,1213.0363519192877,0,0,893,11.58,2.99,0.535,0.092,0.646,0.191,0.162
84,3,1219.7693945317462,0,1,826,11.665,2.962,0.53,0.058,0.643,0.202,0.155
84,4,1190.309491138093,0,1,932,11.685,3.002,0.505,-0.1,0.642,0.207,0.151
85,1,748.1038865224671,1,0,205,11.193,2.995,0.522,-0.055,0.722,0.19,0.088
85,2,1132.5905485004428,1,0,205,11.28,3.073,0.512,-0.021,0.717,0.185,0.098
85,3,1233.5929251886628,1,1,232,11.312,3.039,0.504,-0.048,0.737,0.177,0.086
85,4,1800.9306709011275,1,1,226,11.278,2.987,0.504,-0.116,0.717,0.19,0.093
86,1,793.8212002903007,0,0,678,12.161,3.078,0.487,-0.332,0.624,0.181,0.195
86,2,896.7801462943492,0,0,665,12.248,3.066,0.48,-0.339,0.63,0.185,0.185
86,3,927.7559586078955,0,1,716,12.349,3.046,0.476,-0.298,0.62,0.186,0.194
86,4,1022.6872032686351,0,1,715,12.34,3.052,0.481,-0.264,0.611,0.187,0.201
87,1,941.7022843028614,1,0,455,11.281,2.941,0.519,0.075,0.734,0.143,0.123
87,2,933.7494420614652,1,0,440,11.364,2.968,0.518,0.021,0.732,0.148,0.12
87,3,1144.920794373702,1,1,433,11.606,2.928,0.524,-0.064,0.751,0.143,0.106
87,4,1413.3649308067427,1,1,414,11.388,2.937,0.519,-0.088,0.751,0.15,0.099
88,1,878.2016456581551,0,0,778,11.897,3.068,0.469,-0.211,0.735,0.231,0.033
88,2,808.8409350364097,0,0,805,11.777,3.081,0.483,-0.166,0.747,0.219,0.035
88,3,910.682700262575,0,1,779,11.739,3.112,0.494,-0.122,0.742,0.225,0.033
88,4,1060.654445876031,0,1,773,11.703,3.167,0.501,-0.133,0.74,0.224,0.036
89,1,717.7751335213801,0,0,337,11.87,2.917,0.472,-0.045,0.745,0.166,0.089
89,2,878.6551867199186,0,0,327,11.828,2.917,0.477,-0.019,0.765,0.15,0.086
89,3,996.4839887621977,0,1,308,11.916,2.89,0.487,-0.031,0.766,0.146,0.088
89,4,1116.7153425334395,0,1,291,11.872,2.938,0.488,-0.052,0.773,0.137,0.089
90,1,818.7589716626688,0,0,321,12.637,3.037,0.399,-0.572,0.785,0.159,0.056
90,2,736.95150212513,0,0,297,12.663,3,0.38,-0.557,0.801,0.152,0.047
90,3,799.0883802232829,0,1,280,12.621,2.996,0.382,-0.563,0.793,0.164,0.043
90,4,841.7330017791041,0,1,297,12.606,3.01,0.387,-0.543,0.815,0.148,0.037
91,1,1052.7392477042517,1,0,76,11.056,2.921,0.474,0.285,0.461,0.408,0.132
91,2,1141.2793638792407,1,0,84,10.938,3,0.536,0.243,0.369,0.5,0.131
91,3,1292.0193899202272,1,1,103,10.844,2.854,0.524,0.093,0.379,0.495,0.126
91,4,1492.4989572887841,1,1,160,11.476,2.956,0.531,-0.225,0.431,0.425,0.144
92,1,671.3391241709817,1,0,158,11.852,2.861,0.386,-0.489,0.57,0.152,0.278
92,2,710.8169154116974,1,0,165,11.732,2.903,0.388,-0.44,0.576,0.152,0.273
92,3,989.2401009107183,1,1,171,11.932,2.924,0.415,-0.435,0.579,0.152,0.269
92,4,1290.322240641291,1,1,183,11.669,2.923,0.421,-0.454,0.607,0.142,0.251
93,1,1173.0933106475222,0,0,475,11.12,3.048,0.579,0.44,0.693,0.291,0.017
93,2,1273.372337885873,0,0,496,11.07,3.042,0.577,0.409,0.685,0.298,0.016
93,3,1542.7474134339727,0,1,504,11.153,3.044,0.573,0.347,0.679,0.304,0.018
93,4,1698.3374055945935,0,1,512,11.689,3.078,0.533,0.097,0.684,0.297,0.02
94,1,791.5781623734854,1,0,383,11.599,3.034,0.46,-0.124,0.76,0.178,0.063
94,2,950.9293927157927,1,0,364,11.413,3.063,0.481,-0.054,0.761,0.17,0.069
94,3,1209.0660437678073,1,1,363,11.596,3.028,0.474,-0.099,0.76,0.174,0.066
94,4,1406.1451531118219,1,1,355,11.574,3.028,0.468,-0.157,0.755,0.183,0.062
95,1,653.2589741305351,1,0,326,12.6,3.113,0.408,-0.645,0.831,0.101,0.067
95,2,795.7269277948659,1,0,341,12.155,3.076,0.446,-0.509,0.833,0.103,0.065
95,3,1182.1779716986998,1,1,326,12.018,3.077,0.454,-0.49,0.825,0.107,0.067
95,4,1036.7002569156193,1,1,323,12.267,3.09,0.452,-0.591,0.814,0.118,0.068
96,1,819.7163688909337,0,0,90,12.054,3.044,0.467,-0.22,0.778,0.156,0.067
96,2,901.2191437853941,0,0,90,12.127,3.056,0.478,-0.179,0.756,0.178,0.067
96,3,1371.2193569295357,0,1,88,12.253,3.08,0.5,-0.225,0.75,0.182,0.068
96,4,1499.523937226166,0,1,79,12.276,2.975,0.506,-0.311,0.734,0.19,0.076
97,1,936.4340644899398,0,0,428,11.338,3.016,0.624,0.121,0.811,0.161,0.028
97,2,1059.1329647317823,0,0,414,11.355,3,0.618,0.11,0.809,0.162,0.029
97,3,1103.0965582860322,0,1,424,11.58,3.017,0.604,0.087,0.814,0.158,0.028
97,4,1367.6052531517132,0,1,487,11.531,2.998,0.567,-0.071,0.811,0.166,0.023
98,1,721.6520480417139,0,0,614,12.161,3.018,0.438,-0.539,0.651,0.132,0.217
98,2,824.2194095519993,0,0,606,12.128,3.043,0.447,-0.483,0.644,0.139,0.218
98,3,957.4479340718856,0,1,593,12.003,3.012,0.454,-0.456,0.639,0.153,0.207
98,4,1010.4733469362727,0,1,582,12.093,3.036,0.452,-0.478,0.641,0.16,0.199
99,1,866.9622115657801,1,0,600,11.924,3.058,0.54,-0.14,0.448,0.342,0.21
99,2,1245.8067138512738,1,0,610,11.932,3.064,0.536,-0.155,0.454,0.331,0.215
99,3,1088.9928767167044,1,1,592,11.957,3.035,0.529,-0.182,0.468,0.331,0.201
99,4,1190.4796941747616,1,1,631,12.138,2.949,0.499,-0.339,0.477,0.325,0.198
100,1,895.2363858692198,0,0,842,11.389,3.014,0.544,0.155,0.659,0.232,0.109
100,2,1108.8766594246888,0,0,796,11.335,3.014,0.552,0.151,0.667,0.219,0.114
100,3,1223.5657329246803,0,1,826,11.311,3.004,0.55,0.106,0.669,0.217,0.114
100,4,1399.275667299289,0,1,799,11.229,3.011,0.566,0.126,0.671,0.22,0.109
101,1,633.2988324042941,0,0,238,11.335,2.887,0.529,-0.041,0.937,0.055,0.008
101,2,944.198617496835,0,0,226,11.552,2.898,0.535,-0.035,0.934,0.058,0.009
101,3,1096.1519932100327,0,1,248,11.445,2.96,0.528,-0.159,0.919,0.073,0.008
101,4,1107.0548563089017,0,1,226,11.703,2.956,0.531,-0.165,0.912,0.075,0.013
102,1,766.8618034582378,0,0,383,11.384,2.932,0.533,0.002,0.684,0.162,0.154
102,2,1008.9797065381599,0,0,386,11.371,2.951,0.526,-0.018,0.681,0.158,0.161
102,3,1083.0354834628838,0,1,366,11.503,2.948,0.519,-0.049,0.689,0.153,0.158
102,4,1172.3428086101292,0,1,420,11.61,3.005,0.512,-0.159,0.71,0.145,0.145
103,1,1103.8012913991051,1,0,443,10.83,3.018,0.634,0.431,0.765,0.167,0.068
103,2,1426.318511965702,1,0,435,10.898,3.014,0.625,0.413,0.77,0.168,0.062
103,3,1376.044572502064,1,1,492,11.229,3.006,0.583,0.142,0.776,0.157,0.067
103,4,1802.73085084669,1,1,451,11.196,2.965,0.583,0.129,0.769,0.164,0.067
104,1,619.4058244760852,0,0,121,11.8,3.008,0.455,-0.126,0.826,0.107,0.066
104,2,779.9892455844868,0,0,145,11.853,2.931,0.455,-0.159,0.786,0.138,0.076
104,3,791.0871822475418,0,1,168,11.61,2.881,0.464,-0.241,0.815,0.113,0.071
104,4,970.8799547695165,0,1,157,11.584,2.873,0.478,-0.278,0.828,0.108,0.064
105,1,1157.5818728836916,1,0,843,11.305,3.064,0.563,0.195,0.696,0.196,0.108
105,2,1045.2444594044068,1,0,848,11.259,3.064,0.57,0.201,0.703,0.2,0.097
105,3,1317.1338566341149,1,1,861,11.319,3.026,0.561,0.158,0.699,0.202,0.099
105,4,1385.272738918432,1,1,806,11.305,2.976,0.569,0.139,0.681,0.207,0.112
106,1,698.0640038459798,0,0,266,11.085,3.177,0.538,0.34,0.88,0.098,0.023
106,2,1321.7842630198697,0,0,335,11.111,3.101,0.537,0.151,0.887,0.087,0.027
106,3,1211.749103906442,0,1,320,11.123,3.044,0.531,0.106,0.891,0.081,0.028
106,4,1470.5638138294673,0,1,313,11.24,2.968,0.518,0.032,0.885,0.086,0.029
107,1,864.0674433731369,0,0,576,11.36,3.009,0.538,0.164,0.705,0.161,0.134
107,2,1052.819759830936,0,0,568,11.334,2.974,0.537,0.158,0.704,0.165,0.13
107,3,1244.263874907642,0,1,560,11.35,2.986,0.536,0.123,0.707,0.161,0.132
107,4,1538.6154054159547,0,1,545,11.447,2.994,0.528,0.074,0.705,0.161,0.134
108,1,578.5343266027614,0,0,191,11.406,3.073,0.571,0.26,0.644,0.283,0.073
108,2,886.6342009940836,0,0,188,11.521,2.984,0.553,0.219,0.638,0.287,0.074
108,3,1171.0726696216918,0,1,203,11.376,2.975,0.557,0.178,0.635,0.286,0.079
108,4,984.6250226253444,0,1,202,11.365,2.995,0.545,0.134,0.614,0.307,0.079
109,1,955.3851885442047,0,0,394,11.06,3.008,0.596,0.257,0.533,0.322,0.145
109,2,1224.6859374054939,0,0,404,11.112,3.005,0.562,0.15,0.542,0.314,0.144
109,3,1229.9054584584114,0,1,397,11.104,3.025,0.569,0.145,0.544,0.312,0.144
109,4,1201.6390955033676,0,1,441,11.363,3.061,0.567,0.089,0.558,0.306,0.136
110,1,785.3594110947943,0,0,504,11.549,2.925,0.552,-0.015,0.756,0.194,0.05
110,2,1064.0127464292746,0,0,502,11.596,2.934,0.552,-0.022,0.747,0.199,0.054
110,3,1199.167437455039,0,1,480,11.603,2.923,0.55,-0.028,0.744,0.198,0.058
110,4,1341.561297792274,0,1,484,11.462,2.988,0.531,-0.099,0.773,0.171,0.056
111,1,927.3871539553708,0,0,402,10.775,2.876,0.639,0.489,0.662,0.284,0.055
111,2,1282.6790983017165,0,0,395,10.674,2.815,0.651,0.492,0.656,0.286,0.058
111,3,1260.0483671716945,0,1,408,10.885,2.833,0.62,0.329,0.654,0.279,0.066
111,4,1412.396484681828,0,1,400,11.005,2.878,0.618,0.282,0.655,0.278,0.068
112,1,934.52574702607,1,0,142,10.946,2.88,0.556,-0.008,0.697,0.254,0.049
112,2,985.6708325597416,1,0,135,11.07,2.874,0.563,0.017,0.681,0.267,0.052
112,3,1377.4833560767033,1,1,138,11.592,2.906,0.543,-0.071,0.696,0.254,0.051
112,4,1574.0707898122712,1,1,171,11.797,2.93,0.503,-0.282,0.702,0.251,0.047
113,1,657.77167164211,0,0,314,11.893,2.997,0.468,-0.216,0.634,0.309,0.057
113,2,695.4870438134267,0,0,299,12.104,2.973,0.465,-0.223,0.625,0.311,0.064
113,3,858.9069936306631,0,1,300,12.111,3.007,0.443,-0.263,0.623,0.313,0.063
113,4,931.7582107067021,0,1,313,12.178,3.013,0.447,-0.304,0.604,0.329,0.067
114,1,851.3062525967806,0,0,515,11.391,3.066,0.526,0.082,0.771,0.167,0.062
114,2,1034.070190638432,0,0,499,11.543,3.094,0.519,0.048,0.776,0.166,0.058
114,3,1192.55999986302,0,1,464,11.565,3.095,0.537,0.08,0.776,0.17,0.054
114,4,1352.0116209990613,0,1,453,11.643,3.053,0.532,0.047,0.79,0.159,0.051
115,1,882.5559030316721,0,0,425,10.769,3.019,0.647,0.494,0.711,0.186,0.104
115,2,936.5831829237966,0,0,451,10.882,3.002,0.63,0.359,0.712,0.18,0.109
115,3,1024.6987522549102,0,1,423,10.809,2.96,0.617,0.303,0.73,0.158,0.111
115,4,1264.952914289234,0,1,398,10.906,2.965,0.621,0.277,0.721,0.163,0.116
116,1,698.5623800312875,1,0,401,11.359,2.898,0.529,0.071,0.711,0.152,0.137
116,2,1116.9003639968005,1,0,400,11.234,2.94,0.55,0.093,0.703,0.162,0.135
116,3,1234.0176576701735,1,1,383,11.247,3.021,0.551,0.093,0.692,0.157,0.151
116,4,1252.58003361421,1,1,416,11.508,2.95,0.555,0.003,0.7,0.159,0.142
117,1,831.5473162934534,1,0,114,10.814,3.263,0.544,0.356,0.605,0.333,0.061
117,2,974.4375446793529,1,0,121,10.907,3.19,0.587,0.351,0.579,0.347,0.074
117,3,1101.473120656758,1,1,116,10.919,3.164,0.569,0.312,0.578,0.353,0.069
117,4,1465.7501967754338,1,1,113,10.813,3.204,0.575,0.261,0.584,0.354,0.062
118,1,2025.2412022873712,0,0,63,11.574,2.873,0.54,0.184,0.762,0.127,0.111
118,2,1821.5436239468008,0,0,67,11.838,2.896,0.522,0.074,0.761,0.119,0.119
118,3,1560.6451206520658,0,1,89,11.786,2.933,0.506,0.084,0.742,0.124,0.135
118,4,1369.5423983482394,0,1,91,11.663,2.901,0.516,0.032,0.692,0.132,0.176
119,1,812.7064789193474,1,0,1140,11.881,2.966,0.473,-0.274,0.575,0.232,0.193
119,2,891.0502495425103,1,0,1125,11.863,2.967,0.48,-0.269,0.58,0.232,0.188
119,3,1126.883915731717,1,1,1122,11.843,2.994,0.483,-0.315,0.585,0.228,0.187
119,4,1297.5124207586248,1,1,1218,11.773,3.023,0.497,-0.294,0.584,0.231,0.186
120,1,1062.8995540744595,1,0,1371,11.127,3.014,0.574,0.381,0.559,0.37,0.071
120,2,1234.149795209619,1,0,1372,11.185,2.995,0.56,0.298,0.563,0.367,0.07
120,3,1359.460342856657,1,1,1343,11.207,3.012,0.561,0.242,0.572,0.363,0.065
120,4,1482.070192929113,1,1,1341,11.244,3.037,0.556,0.191,0.564,0.375,0.061
121,1,751.1796609565337,1,0,321,11.517,3.087,0.561,-0.136,0.953,0.037,0.009
121,2,860.470369116204,1,0,328,11.542,3.11,0.537,-0.116,0.951,0.04,0.009
121,3,878.3104309658531,1,1,355,11.334,3.093,0.521,-0.178,0.944,0.042,0.014
121,4,1201.7068480455187,1,1,323,11.318,3.071,0.514,-0.175,0.947,0.037,0.015
122,1,881.2896812696525,0,0,205,11.759,2.888,0.502,-0.266,0.556,0.273,0.171
122,2,959.0720769113223,0,0,185,11.863,2.886,0.497,-0.242,0.568,0.259,0.173
122,3,1009.1141247313014,0,1,182,11.777,2.819,0.467,-0.268,0.538,0.291,0.17
122,4,928.0669979486581,0,1,181,11.978,2.746,0.486,-0.335,0.564,0.265,0.171
123,1,901.9273874611492,1,0,253,10.911,3.13,0.557,0.298,0.708,0.19,0.103
123,2,1099.3825837511845,1,0,255,11.109,3.027,0.541,0.25,0.71,0.184,0.106
123,3,1857.7194776165197,1,1,259,11.166,3.019,0.541,0.224,0.707,0.201,0.093
123,4,1433.7290567777763,1,1,246,11.417,2.947,0.549,0.117,0.691,0.215,0.093
124,1,981.2407483507087,1,0,630,11.658,2.949,0.514,-0.103,0.76,0.171,0.068
124,2,1074.7138898646178,1,0,603,11.806,2.939,0.506,-0.114,0.755,0.177,0.068
124,3,1274.8090953216847,1,1,588,11.759,2.939,0.514,-0.131,0.769,0.165,0.066
124,4,1416.058423664839,1,1,608,11.793,2.898,0.503,-0.225,0.758,0.173,0.069
125,1,845.4879912285617,0,0,549,10.479,3.011,0.612,0.623,0.76,0.169,0.071
125,2,1245.6631043169448,0,0,559,10.656,2.993,0.619,0.499,0.773,0.159,0.068
125,3,1546.7728954016923,0,1,531,10.699,3.038,0.614,0.47,0.77,0.16,0.07
125,4,1627.057322364519,0,1,526,10.639,3.027,0.614,0.437,0.766,0.167,0.067
126,1,701.4045500087947,1,0,360,11.271,3.053,0.556,0.197,0.717,0.247,0.036
126,2,1166.0378415200723,1,0,352,11.166,3.108,0.543,0.177,0.724,0.241,0.034
126,3,1291.4899469270772,1,1,342,11.025,3.099,0.538,0.173,0.731,0.234,0.035
126,4,1441.5454237132733,1,1,331,11.151,3.069,0.559,0.148,0.743,0.221,0.036
127,1,1112.2757594306172,1,0,891,10.857,2.934,0.591,0.305,0.676,0.239,0.085
127,2,1499.210997149577,1,0,846,10.817,2.916,0.592,0.297,0.676,0.239,0.085
127,3,1716.4998731237,1,1,841,10.877,2.888,0.576,0.209,0.681,0.239,0.08
127,4,1625.3324962494012,1,1,824,11.029,2.891,0.547,0.057,0.692,0.229,0.079
128,1,1051.2696053855086,0,0,213,11.199,2.972,0.667,0.496,0.549,0.319,0.131
128,2,881.2476222462218,0,0,207,11.338,3.034,0.657,0.417,0.546,0.324,0.13
128,3,1320.880867616813,0,1,193,11.212,3.031,0.663,0.417,0.554,0.321,0.124
128,4,1727.6304083958598,0,1,183,11.365,3.022,0.634,0.337,0.557,0.311,0.131
129,1,932.8705954964726,0,0,159,10.927,3,0.66,0.394,0.792,0.132,0.075
129,2,1217.0102108995088,0,0,156,11.138,2.987,0.667,0.362,0.782,0.135,0.083
129,3,1302.7568760076335,0,1,152,11.275,2.882,0.625,0.278,0.783,0.132,0.086
129,4,1222.6164470793979,0,1,179,11.848,2.966,0.598,0.007,0.799,0.134,0.067
130,1,1022.2306596866465,1,0,1543,10.924,2.955,0.574,0.261,0.699,0.192,0.108
130,2,1288.2583868309594,1,0,1520,10.999,2.949,0.564,0.228,0.698,0.193,0.109
130,3,1384.293402959916,1,1,1558,11.145,2.935,0.567,0.187,0.703,0.194,0.103
130,4,1511.6898216387362,1,1,1516,11.177,2.954,0.562,0.152,0.703,0.197,0.1
131,1,1055.6707839739008,1,0,248,11.755,2.835,0.484,-0.053,0.645,0.254,0.101
131,2,978.5108220094072,1,0,313,11.796,2.815,0.463,-0.204,0.629,0.272,0.099
131,3,1151.0378804287334,1,1,318,11.704,2.843,0.453,-0.222,0.619,0.267,0.113
131,4,1349.0768960429793,1,1,321,11.721,2.819,0.452,-0.244,0.626,0.268,0.106
132,1,914.3403162291788,0,0,428,11.297,2.956,0.572,0.16,0.652,0.243,0.105
132,2,1139.1410637693518,0,0,414,11.257,2.99,0.563,0.159,0.64,0.246,0.114
132,3,1595.415544822495,0,1,406,11.275,3.062,0.569,0.155,0.65,0.236,0.113
132,4,1196.492543152453,0,1,397,11.325,3.058,0.572,0.095,0.652,0.229,0.118
133,1,825.498913682492,0,0,1461,11.448,2.948,0.545,0.036,0.843,0.101,0.056
133,2,1017.6264927239625,0,0,1499,11.504,2.976,0.54,0.006,0.836,0.104,0.06
133,3,1163.2150234224048,0,1,1482,11.488,2.963,0.532,-0.046,0.836,0.102,0.062
133,4,1193.6941511170278,0,1,1470,11.551,2.955,0.52,-0.092,0.838,0.104,0.058
134,1,987.7274908895938,0,0,292,11.798,3.127,0.527,-0.067,0.606,0.236,0.158
134,2,1016.2389672786032,0,0,318,11.985,3.05,0.5,-0.166,0.591,0.233,0.176
134,3,928.50323639157,0,1,304,11.903,3.039,0.507,-0.113,0.592,0.237,0.171
134,4,1026.5143328833326,0,1,345,11.917,3.07,0.496,-0.22,0.588,0.232,0.18
135,1,879.9266190997184,1,0,1099,11.314,3.035,0.549,0.145,0.767,0.165,0.068
135,2,1124.3027858860328,1,0,1051,11.317,3.076,0.551,0.156,0.777,0.154,0.069
135,3,1129.4076953208712,1,1,1044,11.433,3.089,0.527,0.031,0.771,0.156,0.073
135,4,1395.0910066481588,1,1,1072,11.475,3.041,0.521,-0.059,0.773,0.151,0.076
136,1,515.5508999256175,0,0,167,11.068,2.832,0.551,-0.075,0.635,0.222,0.144
136,2,730.2072701295821,0,0,244,11.086,2.934,0.578,-0.014,0.627,0.213,0.16
136,3,1009.4678102493968,0,1,242,11.227,2.909,0.583,-0.008,0.636,0.215,0.149
136,4,1187.4444217856285,0,1,227,11.224,2.863,0.604,-0.023,0.643,0.207,0.15
137,1,916.42952442755,1,0,281,11.267,2.833,0.509,0.09,0.594,0.256,0.149
137,2,1123.6464514356107,1,0,270,11.274,2.87,0.519,0.074,0.581,0.267,0.152
137,3,1094.2354162506924,1,1,258,11.301,2.849,0.5,-0.035,0.585,0.26,0.155
137,4,1173.7883995650918,1,1,242,11.117,2.814,0.525,-0.054,0.583,0.26,0.157
138,1,1013.4917770140393,0,0,2717,10.422,3.054,0.695,0.816,0.64,0.265,0.095
138,2,1344.7802289048934,0,0,2722,10.467,3.029,0.687,0.75,0.638,0.267,0.095
138,3,1651.1788260613757,0,1,2689,10.533,3.028,0.685,0.678,0.636,0.269,0.095
138,4,1715.19920523969,0,1,2875,10.827,3.031,0.647,0.425,0.638,0.267,0.095
139,1,686.2146755357456,0,0,79,11.021,3.101,0.633,0.488,0.785,0.177,0.038
139,2,1753.9626929368944,0,0,78,11.04,3.013,0.603,0.465,0.756,0.205,0.038
139,3,1070.121123766808,0,1,81,10.713,3.025,0.58,0.278,0.704,0.222,0.074
139,4,1313.6489953645066,0,1,100,10.519,3.11,0.59,0.153,0.71,0.23,0.06
140,1,749.8661527845585,0,0,224,11.75,2.951,0.567,0.088,0.683,0.188,0.129
140,2,1096.7557234132148,0,0,222,11.716,2.991,0.559,0.042,0.671,0.194,0.135
140,3,1254.4512988716463,0,1,199,11.876,3.06,0.573,0.052,0.658,0.201,0.141
140,4,1215.5884501911826,0,1,199,12.033,3.085,0.543,0.003,0.653,0.206,0.141
141,1,890.9844510572619,1,0,250,11.579,3.036,0.512,-0.193,0.444,0.284,0.272
141,2,982.8809386857826,1,0,246,11.473,3,0.516,-0.242,0.451,0.272,0.276
141,3,1371.8492109747017,1,1,247,11.296,2.83,0.518,-0.197,0.437,0.287,0.275
141,4,1438.4926703317428,1,1,244,11.241,2.828,0.496,-0.263,0.459,0.27,0.27
142,1,1028.5985488488045,0,0,231,11.652,3.152,0.576,-0.046,0.745,0.177,0.078
142,2,1182.418716224146,0,0,232,11.711,3.172,0.565,-0.036,0.733,0.168,0.099
142,3,1221.0006975379843,0,1,236,11.421,3.212,0.572,0.001,0.75,0.157,0.093
142,4,1160.4638202073147,0,1,260,11.122,3.077,0.554,-0.1,0.762,0.15,0.088
143,1,1162.2331216132118,0,0,261,11.57,2.893,0.559,0.114,0.805,0.077,0.119
143,2,1224.7287019442285,0,0,243,11.598,2.947,0.564,0.063,0.807,0.082,0.111
143,3,1065.2633569471873,0,1,248,11.545,2.944,0.585,0.086,0.798,0.081,0.121
143,4,1336.7560441187188,0,1,223,11.482,2.946,0.57,0.093,0.794,0.081,0.126
144,1,805.9447500913809,1,0,865,10.888,3.061,0.593,0.165,0.795,0.143,0.061
144,2,1089.1051549560723,1,0,841,10.858,3.076,0.58,0.129,0.794,0.143,0.063
144,3,1167.4531904691187,1,1,863,10.968,3.045,0.559,0.023,0.803,0.133,0.064
144,4,1372.1958443174724,1,1,854,11.041,3.042,0.554,-0.022,0.796,0.131,0.073
145,1,823.9999635527773,1,0,918,11.474,3,0.503,-0.125,0.757,0.193,0.05
145,2,1029.3219715127223,1,0,860,11.433,2.95,0.506,-0.104,0.763,0.188,0.049
145,3,1300.188997508004,1,1,879,11.556,2.967,0.49,-0.16,0.771,0.181,0.048
145,4,1346.453510911744,1,1,843,11.684,2.995,0.49,-0.189,0.763,0.186,0.051
146,1,550.2436614485262,0,0,63,11.191,2.984,0.635,0.008,0.603,0.222,0.175
146,2,751.2990387184146,0,0,80,11.266,3.025,0.6,0.064,0.65,0.2,0.15
146,3,840.2854352208514,0,1,74,11.23,2.932,0.608,0.052,0.635,0.203,0.162
146,4,806.4247889340002,0,1,109,10.943,3,0.596,-0.081,0.633,0.211,0.156
147,1,837.8625092701217,0,0,340,10.997,2.894,0.662,0.557,0.444,0.376,0.179
147,2,1164.1296459242283,0,0,335,11.003,2.907,0.645,0.491,0.46,0.361,0.179
147,3,1438.7849815524087,0,1,329,10.953,2.945,0.632,0.438,0.459,0.362,0.179
147,4,1445.1397386737756,0,1,369,11.021,2.984,0.602,0.286,0.436,0.385,0.179
148,1,845.0191867760834,1,0,147,10.86,2.878,0.639,0.325,0.707,0.231,0.061
148,2,1617.0014496377585,1,0,143,10.685,2.748,0.615,0.286,0.72,0.224,0.056
148,3,1234.0026170425253,1,1,140,10.606,2.729,0.607,0.315,0.714,0.229,0.057
148,4,1422.6241394844385,1,1,139,10.658,2.755,0.583,0.221,0.719,0.223,0.058
149,1,739.9046870421321,1,0,1461,11.741,2.954,0.476,-0.266,0.615,0.217,0.168
149,2,793.6140218256437,1,0,1433,11.725,2.937,0.485,-0.258,0.616,0.214,0.17
149,3,911.0336818102862,1,1,1450,11.766,2.95,0.488,-0.3,0.621,0.217,0.162
149,4,984.0176977762594,1,1,1432,11.756,2.953,0.489,-0.309,0.616,0.218,0.166
150,1,942.1035479472868,1,0,1250,11.331,3.101,0.544,0.043,0.554,0.314,0.132
150,2,1059.0978629900337,1,0,1227,11.26,3.071,0.553,0.057,0.555,0.31,0.135
150,3,1249.5942075745372,1,1,1195,11.416,3.089,0.549,-0.008,0.558,0.306,0.136
150,4,1391.6703588519576,1,1,1153,11.49,3.12,0.559,-0.009,0.552,0.31,0.139
151,1,896.201170229262,0,0,265,10.867,2.992,0.566,0.285,0.868,0.091,0.042
151,2,1071.861938690785,0,0,271,10.898,2.989,0.572,0.269,0.863,0.1,0.037
151,3,1651.4030872618364,0,1,263,10.961,2.981,0.582,0.271,0.882,0.084,0.034
151,4,1349.1878867810262,0,1,266,11.024,3.023,0.571,0.176,0.876,0.086,0.038
152,1,1028.8004470370563,1,0,549,11.247,2.916,0.605,0.429,0.678,0.228,0.095
152,2,984.3593847375145,1,0,557,11.268,2.925,0.596,0.409,0.67,0.226,0.104
152,3,1353.269918678058,1,1,556,11.282,2.914,0.608,0.365,0.669,0.221,0.11
152,4,1539.215274557632,1,1,557,11.269,2.948,0.616,0.343,0.666,0.23,0.104
153,1,1009.6062623238939,0,0,171,11.226,3.023,0.626,0.389,0.813,0.152,0.035
153,2,1388.1862777917936,0,0,163,11.124,3.043,0.626,0.375,0.847,0.135,0.018
153,3,1220.673346331576,0,1,166,11.23,2.988,0.596,0.314,0.843,0.133,0.024
153,4,1376.478812263887,0,1,158,11.396,2.956,0.601,0.26,0.81,0.152,0.038
154,1,804.1218652377652,0,0,77,11.384,2.961,0.558,0.081,0.506,0.208,0.286
154,2,1066.4025671315771,0,0,85,11.818,3.035,0.518,-0.127,0.494,0.2,0.306
154,3,1570.741537182286,0,1,84,11.929,3.179,0.488,-0.24,0.488,0.19,0.321
154,4,829.5076119303582,0,1,99,11.481,3.091,0.495,-0.361,0.535,0.172,0.293
155,1,839.0072151068648,0,0,474,11.881,3.108,0.432,-0.332,0.595,0.251,0.154
155,2,844.5715699234057,0,0,468,11.678,3.092,0.457,-0.291,0.605,0.239,0.156
155,3,876.6469550239748,0,1,503,11.827,3.066,0.467,-0.317,0.596,0.243,0.161
155,4,874.0169024602499,0,1,486,11.961,3.086,0.457,-0.402,0.607,0.23,0.163
156,1,681.4111395303687,1,0,537,11.671,2.94,0.438,-0.448,0.724,0.182,0.093
156,2,758.2090022335412,1,0,526,11.671,2.918,0.452,-0.416,0.74,0.175,0.086
156,3,990.3477282081473,1,1,523,11.72,2.92,0.44,-0.411,0.734,0.18,0.086
156,4,1142.0983979586963,1,1,489,11.648,2.959,0.429,-0.431,0.738,0.176,0.086
157,1,754.6574515335451,1,0,180,11.658,3.233,0.378,-0.539,0.817,0.111,0.072
157,2,858.7810263626104,1,0,171,11.546,3.222,0.38,-0.504,0.813,0.117,0.07
157,3,861.7690041717793,1,1,159,11.521,3.226,0.403,-0.471,0.818,0.107,0.075
157,4,1077.7936918977907,1,1,181,11.561,3.238,0.392,-0.461,0.79,0.127,0.083
158,1,923.4641245642542,1,0,549,11.374,2.993,0.548,0.031,0.849,0.077,0.075
158,2,930.7056142579407,1,0,563,11.516,3.007,0.552,-0.049,0.86,0.059,0.082
158,3,1288.9780172425853,1,1,569,11.513,2.956,0.548,-0.082,0.868,0.056,0.076
158,4,1363.3134422761127,1,1,632,11.788,2.915,0.54,-0.182,0.861,0.063,0.076
159,1,973.4996570712891,0,0,89,10.963,3.191,0.64,0.223,0.697,0.213,0.09
159,2,1258.119614770188,0,0,86,10.895,3.105,0.628,0.184,0.721,0.198,0.081
159,3,1171.5920418679295,0,1,84,10.787,3.048,0.607,0.145,0.69,0.214,0.095
159,4,1020.4194983315913,0,1,168,10.729,3,0.542,-0.045,0.655,0.286,0.06
160,1,901.9444793971405,1,0,1460,11.14,2.973,0.574,0.21,0.532,0.358,0.11
160,2,1140.006376062702,1,0,1505,11.189,2.98,0.559,0.181,0.535,0.353,0.112
160,3,1373.9368929794557,1,1,1534,11.263,2.992,0.565,0.165,0.531,0.357,0.112
160,4,1404.794940288086,1,1,1474,11.347,2.972,0.549,0.105,0.534,0.359,0.107
161,1,1010.7203949166752,1,0,1312,11.006,2.957,0.581,0.364,0.776,0.144,0.08
161,2,1297.621757891187,1,0,1287,11.111,2.974,0.584,0.333,0.779,0.145,0.076
161,3,1550.9349873233834,1,1,1268,11.144,2.984,0.588,0.285,0.776,0.149,0.075
161,4,1986.744042777213,1,1,1253,11.269,3.022,0.574,0.191,0.773,0.146,0.081
162,1,874.3505489683245,1,0,736,11.331,3.065,0.523,0.019,0.576,0.19,0.234
162,2,1062.4574880305074,1,0,739,11.386,3.122,0.51,-0.052,0.571,0.195,0.234
162,3,1130.3336278449633,1,1,722,11.502,3.157,0.515,-0.069,0.56,0.201,0.24
162,4,1207.1902223823265,1,1,717,11.616,3.172,0.498,-0.142,0.558,0.205,0.237
163,1,738.1447723350543,0,0,411,12.348,2.934,0.44,-0.356,0.613,0.314,0.073
163,2,949.9354551971012,0,0,434,12.198,2.947,0.438,-0.373,0.618,0.309,0.074
163,3,1002.0952251434248,0,1,434,12.08,2.942,0.442,-0.374,0.624,0.306,0.069
163,4,931.1545305500813,0,1,403,12.093,2.928,0.457,-0.37,0.613,0.32,0.067
164,1,768.0600360399338,1,0,1462,12.106,2.984,0.46,-0.385,0.779,0.142,0.079
164,2,860.1812614555034,1,0,1397,12.034,2.976,0.472,-0.343,0.784,0.14,0.077
164,3,998.2724821273652,1,1,1408,11.997,2.989,0.476,-0.365,0.792,0.133,0.075
164,4,1009.1586975312844,1,1,1378,12.036,2.98,0.473,-0.377,0.787,0.136,0.077
165,1,1261.7851947214529,1,0,386,10.759,3,0.585,0.292,0.661,0.194,0.145
165,2,1356.5478527160176,1,0,379,10.895,3,0.58,0.259,0.662,0.195,0.142
165,3,1448.2307219228012,1,1,378,10.931,3.069,0.569,0.247,0.677,0.201,0.122
165,4,1705.238396632514,1,1,417,11.125,3.05,0.542,0.094,0.669,0.206,0.125
166,1,748.6179824706554,0,0,1057,11.5,2.974,0.551,0.011,0.658,0.251,0.092
166,2,1075.871394358487,0,0,998,11.513,2.979,0.549,0.009,0.659,0.251,0.09
166,3,1106.5002318633826,0,1,1056,11.511,2.979,0.555,-0.001,0.674,0.241,0.084
166,4,1329.9366108927422,0,1,1022,11.649,2.977,0.543,-0.077,0.682,0.237,0.081
167,1,1051.3504764807406,1,0,2283,11.07,3.004,0.597,0.371,0.794,0.115,0.092
167,2,1239.057183097565,1,0,2356,11.096,2.993,0.587,0.321,0.792,0.113,0.095
167,3,1473.2927517282262,1,1,2317,11.126,3.02,0.59,0.285,0.796,0.113,0.091
167,4,1653.767949602201,1,1,2280,11.112,2.999,0.583,0.242,0.793,0.113,0.094
168,1,766.8122044733245,0,0,352,11.657,3.031,0.639,0.317,0.77,0.128,0.102
168,2,1126.8770265369328,0,0,360,11.659,3.017,0.628,0.265,0.772,0.128,0.1
168,3,1204.0542470615235,0,1,330,11.594,3.015,0.615,0.253,0.773,0.124,0.103
168,4,1670.065213941758,0,1,317,11.552,3.073,0.618,0.264,0.767,0.126,0.107
169,1,720.2226204906066,0,0,1803,11.392,2.907,0.545,0.109,0.72,0.199,0.082
169,2,1048.0026635100137,0,0,1786,11.523,2.89,0.541,0.038,0.716,0.2,0.084
169,3,1185.436373220403,0,1,1760,11.419,2.908,0.536,0.018,0.721,0.2,0.079
169,4,1208.3166229403955,0,1,1794,11.472,2.921,0.532,-0.064,0.719,0.203,0.079
170,1,885.7044188951268,0,0,338,11.695,2.941,0.595,0.213,0.876,0.077,0.047
170,2,1291.7253703052384,0,0,343,11.682,2.983,0.569,0.181,0.883,0.073,0.044
170,3,1562.9593402359124,0,1,340,11.727,2.885,0.553,0.117,0.874,0.082,0.044
170,4,1387.9688523345526,0,1,358,11.829,2.913,0.547,0.054,0.885,0.07,0.045
171,1,987.1888137175494,0,0,755,11.161,3.016,0.593,0.138,0.563,0.281,0.156
171,2,1115.537173502624,0,0,764,11.177,3.029,0.596,0.112,0.546,0.295,0.16
171,3,1319.8092895880495,0,1,733,11.193,3.023,0.585,0.086,0.544,0.299,0.157
171,4,1317.2054979776547,0,1,714,11.478,2.986,0.564,-0.072,0.553,0.293,0.154
172,1,786.8800761761117,1,0,2283,11.708,2.977,0.485,-0.236,0.667,0.253,0.08
172,2,821.1387517093277,1,0,2247,11.819,2.982,0.492,-0.255,0.666,0.252,0.082
172,3,1003.6682628386757,1,1,2238,11.758,2.981,0.505,-0.208,0.667,0.253,0.08
172,4,1044.3536104453026,1,1,2314,11.866,2.99,0.497,-0.274,0.653,0.265,0.083
173,1,831.9577446405129,1,0,1463,11.537,3.02,0.561,0.114,0.705,0.232,0.063
173,2,1042.7578439299555,1,0,1503,11.56,2.991,0.552,0.034,0.706,0.23,0.065
173,3,1366.6160228432198,1,1,1500,11.564,2.973,0.554,0.02,0.707,0.232,0.061
173,4,1466.7842541543985,1,1,1464,11.552,2.95,0.551,0.014,0.71,0.229,0.061
174,1,961.5699809201425,1,0,386,11.438,3.207,0.609,0.198,0.824,0.124,0.052
174,2,1116.2595495334656,1,0,399,11.555,3.258,0.604,0.15,0.825,0.123,0.053
174,3,1309.9904622373754,1,1,412,11.567,3.201,0.587,0.051,0.823,0.124,0.053
174,4,1471.1919292620116,1,1,417,11.554,3.221,0.585,0.035,0.823,0.12,0.058
175,1,840.2579770666431,0,0,295,11.76,2.759,0.505,-0.305,0.658,0.261,0.081
175,2,870.9370205907062,0,0,282,11.795,2.819,0.5,-0.322,0.663,0.248,0.089
175,3,859.5341740159425,0,1,268,11.748,2.896,0.493,-0.323,0.653,0.257,0.09
175,4,1110.9361632020045,0,1,271,11.708,2.871,0.483,-0.31,0.649,0.262,0.089
176,1,1249.4952440477211,0,0,219,11.822,3.023,0.479,-0.105,0.726,0.174,0.1
176,2,1199.315615885256,0,0,223,11.795,3.022,0.453,-0.111,0.731,0.179,0.09
176,3,1233.4981269857863,0,1,212,11.713,3.033,0.458,-0.071,0.722,0.193,0.085
176,4,999.8894854358442,0,1,200,11.621,3,0.435,-0.181,0.72,0.18,0.1
177,1,604.5516996368063,0,0,194,11.944,3.072,0.443,-0.571,0.691,0.155,0.155
177,2,853.4131659593917,0,0,191,11.679,3.026,0.45,-0.463,0.675,0.183,0.141
177,3,983.3187833806918,0,1,207,11.439,2.942,0.449,-0.406,0.662,0.203,0.135
177,4,944.3748358547509,0,1,200,11.449,2.945,0.47,-0.396,0.675,0.205,0.12
178,1,877.4183802145762,0,0,206,10.64,2.927,0.558,0.201,0.85,0.112,0.039
178,2,1267.0841086692926,0,0,207,10.732,2.928,0.546,0.147,0.841,0.116,0.043
178,3,1433.642226447669,0,1,204,10.98,2.926,0.539,0.006,0.838,0.113,0.049
178,4,1392.9521066475854,0,1,206,11.015,3,0.529,-0.036,0.835,0.117,0.049
179,1,679.0630315228409,0,0,775,12.036,2.917,0.434,-0.471,0.809,0.16,0.031
179,2,746.9311420025613,0,0,751,11.917,2.879,0.434,-0.434,0.808,0.157,0.035
179,3,761.2855286859084,0,1,744,11.848,2.892,0.442,-0.422,0.806,0.159,0.035
179,4,782.8158159545787,0,1,738,11.799,2.869,0.439,-0.43,0.808,0.157,0.035
180,1,750.8873749866652,0,0,525,10.942,2.897,0.571,0.338,0.867,0.093,0.04
180,2,955.9554700154241,0,0,547,11.079,2.852,0.561,0.267,0.867,0.097,0.037
180,3,1122.771456926578,0,1,676,11.494,2.861,0.501,-0.067,0.859,0.108,0.033
180,4,1228.92358642331,0,1,632,11.472,2.867,0.506,-0.066,0.856,0.114,0.03
181,1,596.3013932953995,0,0,616,12.221,2.984,0.417,-0.565,0.782,0.14,0.078
181,2,690.2159827462697,0,0,603,12.124,2.985,0.423,-0.527,0.781,0.143,0.076
181,3,751.0811218140568,0,1,581,12.145,2.997,0.417,-0.53,0.783,0.143,0.074
181,4,895.7261100554088,0,1,578,12.09,2.907,0.405,-0.5,0.782,0.147,0.071
182,1,1186.814430287148,1,0,1096,11.67,3.053,0.549,0.069,0.405,0.442,0.153
182,2,1301.7466757697327,1,0,1043,11.646,3.028,0.546,0.096,0.404,0.442,0.154
182,3,1511.3918120942321,1,1,1041,11.633,3.015,0.546,0.037,0.399,0.445,0.157
182,4,1526.5056582736097,1,1,1052,11.378,3.025,0.552,0.016,0.398,0.448,0.154
183,1,1198.4009787613857,0,0,538,11.499,2.872,0.539,0.094,0.677,0.195,0.128
183,2,1066.8993691097482,0,0,527,11.637,2.898,0.531,0.053,0.683,0.186,0.131
183,3,1091.6530927450412,0,1,517,11.646,2.87,0.53,0.032,0.671,0.186,0.143
183,4,1282.7739788759222,0,1,567,11.748,2.864,0.519,-0.067,0.677,0.194,0.129
184,1,1217.6690309285425,0,0,216,12.057,3.079,0.546,-0.063,0.866,0.111,0.023
184,2,1064.0203943857043,0,0,217,12.203,3.041,0.548,-0.101,0.862,0.115,0.023
184,3,1157.8076045414773,0,1,210,12.248,3.09,0.543,-0.138,0.862,0.105,0.033
184,4,1428.1447629254887,0,1,213,12.208,3.009,0.559,-0.13,0.859,0.108,0.033
185,1,714.1947350199486,0,0,537,11.68,3.009,0.516,-0.11,0.628,0.276,0.097
185,2,931.2275457062228,0,0,526,11.526,2.987,0.511,-0.096,0.633,0.264,0.103
185,3,1132.202545536094,0,1,489,11.526,3.027,0.517,-0.085,0.646,0.252,0.102
185,4,1141.9480102134535,0,1,549,11.651,2.971,0.497,-0.237,0.638,0.255,0.107
186,1,628.4248167087387,0,0,409,12.258,2.966,0.477,-0.221,0.878,0.081,0.042
186,2,986.816013349239,0,0,393,12.022,2.926,0.478,-0.196,0.891,0.074,0.036
186,3,835.9762711389724,0,1,400,11.914,2.975,0.475,-0.212,0.89,0.075,0.035
186,4,944.569898278288,0,1,389,11.818,2.995,0.481,-0.236,0.892,0.075,0.033
187,1,861.4835667199661,0,0,410,11.247,3.027,0.568,0.1,0.754,0.212,0.034
187,2,1019.5238313728227,0,0,407,11.115,3.017,0.572,0.099,0.737,0.226,0.037
187,3,1149.0594529575517,0,1,412,11.255,3.063,0.558,0.036,0.738,0.228,0.034
187,4,1644.241894465778,0,1,421,11.224,3.128,0.551,-0.002,0.729,0.24,0.031
188,1,1138.9079132095803,0,0,201,10.899,3.025,0.632,0.356,0.602,0.239,0.159
188,2,1382.1650622346704,0,0,199,10.866,3.02,0.613,0.333,0.618,0.226,0.156
188,3,1702.1277494539934,0,1,186,10.956,2.957,0.64,0.336,0.629,0.22,0.151
188,4,1679.3553810710823,0,1,190,11.149,3.037,0.626,0.292,0.632,0.226,0.142
189,1,926.3265601479225,0,0,629,11.131,2.948,0.587,0.406,0.583,0.258,0.159
189,2,1046.9192362568867,0,0,624,11.225,2.974,0.585,0.376,0.588,0.258,0.154
189,3,1328.9854758411923,0,1,619,11.212,2.96,0.58,0.323,0.577,0.255,0.168
189,4,1407.0239585148481,0,1,607,11.309,2.965,0.578,0.226,0.578,0.26,0.161
190,1,834.4371019899785,0,0,839,11.111,3.044,0.549,0.162,0.613,0.157,0.23
190,2,980.7618903800562,0,0,851,11.114,3.007,0.538,0.09,0.608,0.161,0.231
190,3,1157.006819468834,0,1,875,11.544,3.002,0.504,-0.11,0.594,0.169,0.237
190,4,1218.9021678028398,0,1,829,11.447,2.988,0.497,-0.111,0.602,0.164,0.234
191,1,998.6587438536653,0,0,600,10.969,2.938,0.607,0.424,0.54,0.308,0.152
191,2,1465.3222136986294,0,0,606,11.084,2.922,0.594,0.35,0.535,0.3,0.165
191,3,1605.516410934485,0,1,614,11.034,2.93,0.58,0.293,0.547,0.292,0.161
191,4,1772.4187736331644,0,1,564,10.942,2.965,0.566,0.266,0.555,0.287,0.158
192,1,925.3189044173923,1,0,717,11.665,3.01,0.516,-0.007,0.78,0.201,0.02
192,2,936.8331146199625,1,0,714,11.711,3.017,0.52,-0.014,0.782,0.196,0.022
192,3,1260.124413452825,1,1,712,11.72,3.003,0.525,-0.008,0.77,0.206,0.024
192,4,1563.6763771490946,1,1,757,11.783,2.997,0.509,-0.072,0.76,0.213,0.028
193,1,904.7846261871799,0,0,168,11.679,2.768,0.56,0.119,0.81,0.173,0.018
193,2,719.7774811285825,0,0,157,11.523,2.866,0.586,0.159,0.828,0.159,0.013
193,3,1017.5240955742632,0,1,177,11.609,2.78,0.576,0.007,0.842,0.136,0.023
193,4,962.9380173880232,0,1,168,11.624,2.714,0.571,0.004,0.839,0.137,0.024
194,1,883.0225499709525,1,0,841,11.261,3.096,0.545,0.067,0.756,0.124,0.12
194,2,1165.2263395569769,1,0,807,11.355,3.066,0.553,0.041,0.756,0.124,0.12
194,3,1175.971880259392,1,1,803,11.276,3.051,0.545,0.002,0.752,0.131,0.117
194,4,1483.6218621322084,1,1,778,11.338,3.064,0.55,-0.011,0.749,0.134,0.117
195,1,937.983691443669,0,0,1539,11.161,2.982,0.581,0.318,0.795,0.128,0.077
195,2,1278.0611360558607,0,0,1529,11.107,2.998,0.579,0.294,0.798,0.128,0.075
195,3,1354.294297029145,0,1,1500,11.154,2.955,0.575,0.265,0.793,0.128,0.079
195,4,1617.8862070719852,0,1,1484,11.195,2.954,0.571,0.176,0.794,0.128,0.077
196,1,833.0990430591346,0,0,562,11.417,2.94,0.573,0.168,0.779,0.146,0.075
196,2,1094.287386751492,0,0,564,11.371,2.968,0.569,0.125,0.777,0.151,0.073
196,3,1213.4226844441655,0,1,549,11.39,2.98,0.577,0.124,0.783,0.142,0.075
196,4,1336.398763052692,0,1,558,11.229,2.982,0.557,0.066,0.789,0.138,0.073
197,1,1097.614143473111,1,0,154,11.246,3.071,0.526,0.233,0.604,0.286,0.11
197,2,1056.5899538041735,1,0,144,11.107,3.049,0.542,0.165,0.597,0.326,0.076
197,3,1229.0559665868445,1,1,144,11.186,3.056,0.556,0.167,0.576,0.354,0.069
197,4,1632.1565185898417,1,1,179,11.198,3.028,0.564,0.019,0.564,0.358,0.078
198,1,926.0630262013883,0,0,985,11.372,2.892,0.523,0.049,0.333,0.461,0.206
198,2,1049.9964677905305,0,0,938,11.353,2.88,0.528,0.068,0.33,0.459,0.21
198,3,1161.6691515781672,0,1,911,11.55,2.896,0.527,0.007,0.333,0.451,0.216
198,4,1373.9036569000132,0,1,895,11.442,2.908,0.526,0.001,0.322,0.465,0.213
199,1,741.0690014255925,0,0,292,12.107,2.938,0.452,-0.106,0.836,0.116,0.048
199,2,1021.8720183014976,0,0,286,12.075,3.056,0.472,-0.038,0.846,0.115,0.038
199,3,1189.450010663881,0,1,271,12.089,3.089,0.483,-0.049,0.845,0.114,0.041
199,4,1419.5001224627472,0,1,283,12.06,3.018,0.459,-0.129,0.834,0.117,0.049
200,1,927.636272544068,1,0,1140,11.374,2.961,0.568,0.125,0.796,0.154,0.051
200,2,1181.0884539452509,1,0,1134,11.481,2.969,0.57,0.047,0.803,0.148,0.049
200,3,1209.729230315722,1,1,1105,11.562,2.971,0.557,0.026,0.807,0.145,0.048
200,4,1380.3407425512007,1,1,1070,11.571,2.994,0.561,0.007,0.81,0.141,0.049
201,1,705.5431182870552,0,0,292,11.982,2.935,0.497,-0.2,0.616,0.277,0.106
201,2,953.962500991597,0,0,307,11.795,2.98,0.498,-0.122,0.625,0.274,0.101
201,3,895.5117625610222,0,1,349,11.769,3.037,0.487,-0.249,0.625,0.269,0.106
201,4,1258.123944016535,0,1,347,11.858,3.012,0.496,-0.241,0.628,0.268,0.104
202,1,1076.2967029304714,0,0,477,11.443,2.99,0.535,0.161,0.581,0.352,0.067
202,2,1118.0449794749545,0,0,470,11.398,2.998,0.536,0.159,0.583,0.349,0.068
202,3,1311.62137446189,0,1,471,11.429,3.017,0.529,0.105,0.601,0.333,0.066
202,4,1394.4253373532442,0,1,470,11.338,3.043,0.519,0.06,0.598,0.345,0.057
203,1,940.9813514702868,1,0,301,11.546,3.093,0.508,-0.136,0.864,0.106,0.03
203,2,1010.6176942686536,1,0,287,11.463,3.108,0.505,-0.121,0.868,0.105,0.028
203,3,1082.401688841672,1,1,290,11.379,3.069,0.507,-0.136,0.869,0.103,0.028
203,4,1423.425754159621,1,1,277,11.398,3.022,0.473,-0.182,0.866,0.108,0.025
204,1,1014.2314808328023,0,0,733,11.12,3.171,0.568,0.24,0.789,0.192,0.019
204,2,1285.5719907799464,0,0,722,11.125,3.154,0.571,0.217,0.784,0.199,0.017
204,3,1335.411885047103,0,1,728,11.169,3.114,0.563,0.169,0.777,0.206,0.016
204,4,1241.2877846150382,0,1,698,11.203,3.116,0.564,0.075,0.774,0.209,0.017
205,1,829.39350603001,0,0,352,10.99,3.06,0.54,0.222,0.531,0.278,0.19
205,2,991.761319006341,0,0,350,10.947,3.137,0.549,0.206,0.531,0.28,0.189
205,3,1350.6767643501819,0,1,376,10.966,3.066,0.529,0.055,0.527,0.279,0.194
205,4,1140.6769573419285,0,1,387,11.158,3.072,0.501,-0.054,0.522,0.31,0.168
206,1,846.085516813761,1,0,285,11.349,2.849,0.509,-0.095,0.554,0.288,0.158
206,2,1004.0002222066369,1,0,289,11.231,2.862,0.488,-0.13,0.567,0.284,0.149
206,3,1076.5891108223486,1,1,289,11.254,2.806,0.467,-0.188,0.571,0.27,0.159
206,4,1124.7435840458154,1,1,285,11.427,2.842,0.481,-0.203,0.589,0.256,0.154
207,1,571.7841789670467,0,0,756,11.958,3.071,0.472,-0.346,0.713,0.276,0.011
207,2,742.0156665011654,0,0,742,11.837,3.082,0.478,-0.296,0.71,0.276,0.013
207,3,839.7850160061922,0,1,753,11.895,3.122,0.474,-0.331,0.707,0.282,0.012
207,4,925.0648963205592,0,1,772,11.767,3.078,0.472,-0.331,0.702,0.285,0.013
208,1,993.4423726575385,0,0,734,10.745,3.053,0.602,0.387,0.785,0.119,0.097
208,2,1270.2447131709614,0,0,733,10.818,3.087,0.591,0.286,0.783,0.124,0.093
208,3,1588.445403023342,0,1,722,10.831,3.09,0.582,0.24,0.787,0.119,0.094
208,4,1770.2874036396702,0,1,723,11.008,3.068,0.566,0.15,0.788,0.12,0.091
209,1,928.4565969998466,0,0,1310,11.035,3.002,0.6,0.469,0.808,0.131,0.062
209,2,1211.8431641888978,0,0,1328,11.163,2.999,0.59,0.386,0.808,0.128,0.064
209,3,1515.7291993918172,0,1,1318,11.112,3.001,0.578,0.323,0.805,0.133,0.062
209,4,1772.7902871539995,0,1,1382,11.141,3.046,0.554,0.178,0.799,0.137,0.064
210,1,820.2322809552887,1,0,950,11.388,3.017,0.584,0.157,0.788,0.173,0.039
210,2,1058.423395579369,1,0,944,11.43,3.021,0.583,0.143,0.797,0.166,0.037
210,3,1215.0570383040138,1,1,917,11.579,3.027,0.577,0.056,0.795,0.168,0.037
210,4,1365.7398510881153,1,1,869,11.595,3.062,0.57,0.032,0.788,0.174,0.038
211,1,849.5149654028078,0,0,260,11.722,3.008,0.469,-0.122,0.762,0.104,0.135
211,2,917.67372837357,0,0,314,11.981,3.076,0.487,-0.204,0.761,0.108,0.131
211,3,975.3600885400846,0,1,361,11.89,3.066,0.493,-0.198,0.745,0.119,0.136
211,4,999.3035853409543,0,1,344,11.915,3.049,0.506,-0.197,0.753,0.119,0.128
212,1,856.8229792801823,0,0,2720,11.202,3.045,0.576,0.232,0.547,0.312,0.141
212,2,950.605104710254,0,0,2802,11.252,3.058,0.566,0.2,0.545,0.314,0.141
212,3,1191.81167185264,0,1,2734,11.307,3.047,0.558,0.148,0.549,0.312,0.139
212,4,1392.8374806685965,0,1,2627,11.299,3.04,0.56,0.119,0.546,0.311,0.144
213,1,1139.1475523223726,1,0,226,10.882,3.128,0.642,0.372,0.858,0.093,0.049
213,2,1252.0908786548846,1,0,213,10.867,3.136,0.638,0.406,0.85,0.099,0.052
213,3,1325.7205537746695,1,1,225,10.901,3.098,0.636,0.372,0.858,0.084,0.058
213,4,1468.8852453277957,1,1,252,11.07,3.151,0.603,0.162,0.881,0.075,0.044
214,1,875.7255407940188,0,0,162,11.633,2.951,0.556,0.225,0.66,0.204,0.136
214,2,945.4152934678273,0,0,162,11.995,3,0.58,0.183,0.654,0.21,0.136
214,3,976.9263114888895,0,1,170,12.204,2.918,0.565,-0.008,0.659,0.2,0.141
214,4,1155.9196086510453,0,1,165,11.644,3.012,0.552,-0.058,0.636,0.206,0.158
215,1,682.787029995146,1,0,253,11.45,2.992,0.561,-0.028,0.735,0.194,0.071
215,2,1185.1029990222562,1,0,247,11.484,2.976,0.563,-0.041,0.713,0.206,0.081
215,3,1215.870877612649,1,1,227,11.41,2.947,0.529,-0.095,0.74,0.181,0.079
215,4,1510.183500579491,1,1,216,11.518,2.991,0.542,-0.101,0.741,0.181,0.079
216,1,944.5669623951072,1,0,477,11.37,2.891,0.568,0.087,0.717,0.174,0.109
216,2,944.8199924736834,1,0,466,11.377,2.906,0.549,0.021,0.719,0.165,0.116
216,3,1323.6900807666134,1,1,465,11.33,2.912,0.561,0.038,0.705,0.17,0.125
216,4,1409.728626769269,1,1,425,11.27,2.915,0.551,-0.04,0.713,0.165,0.122
217,1,597.1099560733156,0,0,311,11.086,2.929,0.54,0.198,0.839,0.093,0.068
217,2,1027.3154138817981,0,0,324,11.14,2.892,0.54,0.189,0.827,0.105,0.068
217,3,1365.4400825170665,0,1,311,11.2,2.887,0.54,0.151,0.83,0.1,0.071
217,4,1384.603068669041,0,1,296,11.201,2.895,0.537,0.116,0.828,0.105,0.068
218,1,698.7216700123613,1,0,1200,12.249,2.977,0.477,-0.293,0.82,0.087,0.093
218,2,926.5792465847734,1,0,1156,12.095,2.938,0.486,-0.267,0.82,0.089,0.091
218,3,999.3646166810007,1,1,1097,12.149,2.931,0.491,-0.235,0.822,0.09,0.088
218,4,1091.7222094690844,1,1,1146,11.964,2.909,0.493,-0.249,0.809,0.093,0.098
219,1,692.8606467330359,0,0,319,12.317,3.116,0.401,-0.521,0.915,0.06,0.025
219,2,708.0750074414274,0,0,318,12.166,3.129,0.39,-0.554,0.915,0.063,0.022
219,3,880.9150697753657,0,1,337,12.039,3.157,0.427,-0.511,0.923,0.053,0.024
219,4,960.7712997626516,0,1,334,12.161,3.147,0.419,-0.582,0.919,0.057,0.024
220,1,794.8577992665244,1,0,112,11.805,3.152,0.562,-0.014,0.902,0.062,0.036
220,2,925.0009515747296,1,0,105,11.769,3.181,0.562,0.009,0.905,0.057,0.038
220,3,1344.6486876794804,1,1,101,12.162,3.079,0.545,0.044,0.931,0.03,0.04
220,4,1235.1377960882014,1,1,145,11.968,3.117,0.538,-0.137,0.876,0.069,0.055
221,1,791.922942337884,1,0,219,11.797,2.959,0.507,-0.018,0.361,0.311,0.329
221,2,1114.4421698963206,1,0,214,11.786,2.967,0.514,-0.005,0.36,0.299,0.341
221,3,1689.4673731143012,1,1,204,11.513,3.069,0.52,-0.003,0.333,0.314,0.353
221,4,1701.8174674687864,1,1,194,11.61,3.026,0.515,-0.066,0.356,0.304,0.34
222,1,792.8335922660393,1,0,1201,12.332,3.063,0.415,-0.526,0.73,0.197,0.073
222,2,919.7544607517871,1,0,1145,12.254,3.072,0.431,-0.465,0.715,0.205,0.079
222,3,1042.0161238979892,1,1,1137,12.119,3.032,0.433,-0.456,0.707,0.212,0.081
222,4,1174.3969355739102,1,1,1143,12.09,3.026,0.434,-0.49,0.706,0.213,0.08
223,1,851.0902322041683,0,0,506,11.097,3.063,0.617,0.389,0.553,0.239,0.208
223,2,1180.7785405557936,0,0,547,11.09,3.09,0.607,0.307,0.548,0.249,0.203
223,3,1212.089650140059,0,1,535,11.078,3.054,0.598,0.226,0.542,0.267,0.191
223,4,1372.7644653109537,0,1,518,11.054,3.056,0.6,0.168,0.546,0.272,0.181
224,1,1154.8654123912065,1,0,180,11.006,3.111,0.556,0.047,0.728,0.15,0.122
224,2,1248.0852256549467,1,0,164,11.102,3.128,0.585,0.003,0.744,0.14,0.116
224,3,1752.0107767719678,1,1,166,11.17,3.175,0.56,-0.004,0.753,0.133,0.114
224,4,1489.2769688492142,1,1,159,11.085,3.101,0.528,-0.017,0.736,0.145,0.119
225,1,777.481994714121,0,0,189,11.19,3.085,0.582,0.208,0.598,0.28,0.122
225,2,975.075039636059,0,0,205,11.598,3.093,0.561,0.068,0.61,0.268,0.122
225,3,1169.2864407659595,0,1,212,11.441,3.061,0.533,-0.03,0.642,0.236,0.123
225,4,1250.096047534681,0,1,205,11.684,3.015,0.541,-0.065,0.629,0.249,0.122
226,1,905.3847627339817,0,0,213,11.333,2.85,0.46,-0.02,0.671,0.192,0.136
226,2,974.5578519142758,0,0,227,11.19,2.815,0.463,-0.087,0.661,0.203,0.137
226,3,1122.2711336699047,0,1,231,11.194,2.827,0.437,-0.096,0.649,0.199,0.152
226,4,1233.9657213448759,0,1,228,11.351,2.86,0.465,-0.158,0.68,0.175,0.145
227,1,748.8454998665791,0,0,800,11.436,2.931,0.549,0.024,0.728,0.204,0.069
227,2,973.7972626080716,0,0,770,11.505,2.948,0.542,0.022,0.731,0.2,0.069
227,3,973.8415242605171,0,1,839,11.561,2.988,0.53,-0.053,0.727,0.205,0.068
227,4,1212.589830220135,0,1,840,11.719,2.989,0.512,-0.187,0.737,0.202,0.061
228,1,1178.5823327351375,1,0,841,10.939,3.08,0.587,0.329,0.552,0.309,0.139
228,2,1340.2543768622515,1,0,778,10.9,3.076,0.594,0.328,0.548,0.312,0.14
228,3,1478.816606219975,1,1,769,10.989,3.038,0.583,0.253,0.546,0.317,0.137
228,4,1489.6023356895535,1,1,767,11.061,3.009,0.58,0.203,0.535,0.325,0.141
229,1,1009.5776854701211,1,0,332,10.916,3.172,0.572,0.328,0.614,0.274,0.111
229,2,1314.9880876270383,1,0,328,10.957,3.171,0.567,0.263,0.604,0.28,0.116
229,3,1699.5812724393015,1,1,329,10.939,3.176,0.571,0.228,0.578,0.304,0.119
229,4,1468.067204562019,1,1,381,11.038,3.22,0.585,0.164,0.577,0.312,0.11
230,1,862.2494744510548,1,0,1251,11.194,3.094,0.566,0.256,0.549,0.341,0.11
230,2,1251.5081220767177,1,0,1241,11.174,3.077,0.571,0.244,0.547,0.338,0.115
230,3,1380.836234983534,1,1,1232,11.309,3.106,0.567,0.196,0.55,0.334,0.117
230,4,1448.3404866708538,1,1,1220,11.453,3.066,0.551,0.093,0.545,0.34,0.115
231,1,887.178613907733,0,0,160,12.142,2.881,0.412,-0.535,0.769,0.169,0.062
231,2,708.8490346225539,0,0,162,12.231,2.932,0.432,-0.502,0.753,0.173,0.074
231,3,730.7142250296165,0,1,150,12.361,2.94,0.433,-0.483,0.74,0.167,0.093
231,4,765.2891420751596,0,1,137,12.208,2.905,0.445,-0.442,0.766,0.139,0.095
232,1,932.0578607297189,0,0,1015,11.633,3.013,0.521,-0.172,0.673,0.22,0.107
232,2,1073.1784045579575,0,0,996,11.591,2.999,0.517,-0.206,0.677,0.222,0.101
232,3,1066.3076882797707,0,1,1003,11.495,3.023,0.531,-0.156,0.679,0.22,0.101
232,4,1367.6315542354168,0,1,984,11.535,3.022,0.542,-0.154,0.677,0.225,0.099
233,1,1036.8172849560683,1,0,982,11.037,3.026,0.571,0.334,0.712,0.178,0.11
233,2,1338.95574373433,1,0,1043,11.017,2.994,0.567,0.313,0.715,0.179,0.105
233,3,1382.0208974442858,1,1,991,11.027,2.979,0.558,0.233,0.716,0.179,0.105
233,4,1508.6040922780903,1,1,1035,11.029,3.027,0.56,0.179,0.717,0.179,0.104
234,1,885.6844774993729,1,0,524,11.122,3.004,0.546,0.189,0.626,0.252,0.122
234,2,1155.7069090475827,1,0,489,11.156,2.924,0.534,0.174,0.624,0.256,0.121
234,3,1370.3699922924695,1,1,497,11.354,2.966,0.529,0.097,0.632,0.247,0.121
234,4,1364.5761812825158,1,1,545,11.685,2.998,0.519,-0.032,0.629,0.246,0.125
235,1,735.0660085437733,0,0,104,10.94,3.135,0.567,0.222,0.635,0.26,0.106
235,2,1097.0580677035489,0,0,104,10.924,3.087,0.558,0.219,0.644,0.24,0.115
235,3,1205.7508811527266,0,1,105,11.063,2.962,0.552,0.183,0.667,0.248,0.086
235,4,1495.1935043512526,0,1,110,10.92,3.027,0.555,0.118,0.609,0.3,0.091
236,1,664.2332973949475,0,0,426,10.829,3.021,0.566,0.329,0.535,0.303,0.162
236,2,1056.9910559743244,0,0,422,10.751,3.026,0.559,0.34,0.543,0.294,0.164
236,3,1286.2055395683099,0,1,443,10.966,3.036,0.571,0.266,0.535,0.307,0.158
236,4,1419.5063876467452,0,1,422,11.086,3.014,0.581,0.21,0.526,0.315,0.159
237,1,1044.2158195568643,0,0,369,10.787,3.054,0.621,0.407,0.55,0.236,0.214
237,2,1203.039384590913,0,0,368,10.953,3.084,0.625,0.373,0.568,0.217,0.215
237,3,1399.0222470422966,0,1,361,11.259,3.044,0.601,0.285,0.571,0.224,0.205
237,4,1513.5612093217283,0,1,346,11.28,3.121,0.598,0.198,0.566,0.223,0.211
238,1,1214.6518248286004,0,0,62,10.544,3.032,0.435,0.419,0.597,0.194,0.21
238,2,1571.3278866373432,0,0,70,10.958,3.143,0.429,0.196,0.629,0.186,0.186
238,3,842.6664674713764,0,1,203,11.33,3.084,0.522,-0.138,0.66,0.158,0.182
238,4,942.1880787181643,0,1,192,11.493,3.104,0.531,-0.172,0.667,0.161,0.172
239,1,820.106323563677,0,0,985,12.045,2.905,0.499,-0.255,0.61,0.277,0.113
239,2,870.9033780296614,0,0,1004,11.924,2.958,0.503,-0.243,0.597,0.293,0.111
239,3,890.4533061657855,0,1,1032,11.887,2.987,0.493,-0.256,0.608,0.28,0.112
239,4,995.2623667088645,0,1,1042,11.772,2.989,0.5,-0.265,0.604,0.283,0.113
240,1,927.6562182205187,0,0,574,11.48,3.019,0.517,0.082,0.568,0.265,0.167
240,2,1009.6148144221513,0,0,544,11.524,3.007,0.531,0.079,0.568,0.272,0.16
240,3,1053.7651589236186,0,1,542,11.536,3.044,0.522,0.058,0.566,0.268,0.166
240,4,1366.0417818937856,0,1,560,11.577,3.036,0.529,-0.021,0.573,0.262,0.164
241,1,694.3944599635465,1,0,549,12.233,2.918,0.399,-0.527,0.729,0.142,0.129
241,2,742.9071871063607,1,0,583,11.955,2.904,0.422,-0.44,0.724,0.153,0.123
241,3,913.1648966187175,1,1,563,12.164,2.901,0.414,-0.434,0.725,0.151,0.124
241,4,1017.7649332707156,1,1,543,12.269,2.912,0.409,-0.508,0.731,0.153,0.116
242,1,744.3666724822137,0,0,188,11.471,3.096,0.489,-0.086,0.585,0.319,0.096
242,2,917.6730096724378,0,0,179,11.529,3.073,0.508,-0.07,0.564,0.33,0.106
242,3,904.3372822844011,0,1,185,11.558,3.114,0.524,-0.04,0.573,0.308,0.119
242,4,1072.6309526624784,0,1,170,11.461,3.065,0.518,-0.049,0.571,0.312,0.118
243,1,904.4800856833592,0,0,360,11.733,3.156,0.547,0.195,0.428,0.367,0.206
243,2,1019.4708979666011,0,0,339,11.675,3.209,0.566,0.21,0.44,0.36,0.201
243,3,1162.3387244669727,0,1,323,11.803,3.204,0.582,0.214,0.443,0.356,0.201
243,4,1327.3811277413154,0,1,309,11.889,3.172,0.586,0.179,0.434,0.366,0.201
244,1,612.4363687006777,0,0,191,11.893,2.937,0.435,-0.437,0.754,0.147,0.099
244,2,919.885067054232,0,0,212,11.635,2.892,0.448,-0.404,0.741,0.156,0.104
244,3,1010.239284305232,0,1,214,11.695,2.869,0.453,-0.408,0.766,0.154,0.079
244,4,1098.009942052505,0,1,238,11.445,2.908,0.458,-0.425,0.786,0.134,0.08
245,1,827.3357519423001,0,0,822,11.599,3.027,0.485,-0.112,0.831,0.131,0.038
245,2,1106.9342160648284,0,0,849,11.622,2.993,0.479,-0.12,0.835,0.121,0.044
245,3,1040.0151239638185,0,1,815,11.672,2.984,0.48,-0.16,0.845,0.115,0.039
245,4,1289.8107130125913,0,1,790,11.544,2.967,0.48,-0.152,0.853,0.113,0.034
246,1,771.2025535422061,0,0,525,11.153,2.981,0.556,0.03,0.747,0.185,0.069
246,2,1194.5552239089036,0,0,540,11.274,3.02,0.559,0.032,0.761,0.18,0.059
246,3,1075.4909295181228,0,1,536,11.234,3.062,0.55,-0.008,0.743,0.19,0.067
246,4,1325.3084181450063,0,1,536,11.172,3.075,0.534,-0.055,0.741,0.19,0.069
247,1,656.1390050168587,0,0,1141,12.066,2.992,0.453,-0.371,0.669,0.16,0.172
247,2,780.3965502018741,0,0,1092,12.038,2.999,0.463,-0.33,0.667,0.166,0.168
247,3,896.0093430307957,0,1,1050,11.933,3.007,0.464,-0.305,0.67,0.167,0.163
247,4,1050.9114663213784,0,1,1075,11.826,2.971,0.471,-0.287,0.679,0.166,0.155
248,1,878.9299536440858,0,0,291,11.791,3.041,0.495,-0.2,0.419,0.402,0.179
248,2,814.5632344508904,0,0,269,11.704,3.033,0.494,-0.187,0.409,0.405,0.186
248,3,1050.591787129592,0,1,246,11.532,3,0.508,-0.155,0.394,0.415,0.191
248,4,889.9545013827101,0,1,247,11.655,3.032,0.502,-0.277,0.393,0.417,0.19
249,1,726.0029574035535,1,0,243,11.82,2.967,0.539,0.172,0.831,0.128,0.041
249,2,1014.6801931551413,1,0,243,11.9,3.016,0.551,0.093,0.831,0.128,0.041
249,3,1116.4125206105537,1,1,234,12.096,3.034,0.547,0.038,0.842,0.124,0.034
249,4,1750.9910169883708,1,1,230,11.975,3.048,0.548,0.051,0.839,0.122,0.039
250,1,844.838523443609,0,0,1660,11.003,3.011,0.589,0.259,0.73,0.198,0.073
250,2,1073.655022118038,0,0,1590,11.009,3.042,0.597,0.282,0.724,0.206,0.07
250,3,1205.0297872769188,0,1,1586,11.078,3.04,0.592,0.235,0.726,0.203,0.071
250,4,1344.807291741414,0,1,1652,11.109,3.049,0.579,0.158,0.726,0.206,0.068
251,1,819.9173564406716,1,0,305,11.277,3.003,0.564,0.357,0.656,0.246,0.098
251,2,1138.3209769573712,1,0,309,11.195,3.032,0.576,0.39,0.66,0.236,0.104
251,3,1258.7760505663211,1,1,315,11.183,3.079,0.578,0.348,0.648,0.241,0.111
251,4,1483.3422481750083,1,1,290,11.193,3.152,0.572,0.341,0.645,0.238,0.117
252,1,1182.363826206756,1,0,230,11.452,2.87,0.513,-0.027,0.457,0.291,0.252
252,2,1136.7823525159256,1,0,255,11.331,2.8,0.486,-0.108,0.475,0.275,0.251
252,3,1512.4351269306226,1,1,237,11.444,2.789,0.477,-0.102,0.485,0.266,0.249
252,4,1406.0997484818745,1,1,230,11.603,2.77,0.452,-0.29,0.483,0.257,0.261
253,1,932.4257166566169,0,0,560,11.419,3.061,0.589,0.298,0.505,0.245,0.25
253,2,1080.2405989200938,0,0,573,11.506,3.092,0.571,0.223,0.499,0.241,0.26
253,3,1486.2277209998233,0,1,561,11.589,3.102,0.565,0.183,0.492,0.253,0.255
253,4,1744.3520516956576,0,1,573,11.605,3.075,0.543,0.124,0.497,0.246,0.257
254,1,880.854942070505,1,0,322,11.087,3.05,0.64,0.367,0.817,0.149,0.034
254,2,1047.7816326746458,1,0,322,11.085,3.04,0.63,0.29,0.814,0.149,0.037
254,3,1221.3785605290486,1,1,335,11.049,3.03,0.603,0.16,0.821,0.134,0.045
254,4,1300.5775136625205,1,1,329,11.158,3.128,0.587,0.062,0.83,0.131,0.04
255,1,773.3608760493881,0,0,1202,11.736,2.925,0.517,-0.15,0.852,0.086,0.062
255,2,891.7937548366674,0,0,1280,11.587,2.95,0.528,-0.129,0.852,0.084,0.063
255,3,947.4594178298229,0,1,1287,11.566,2.95,0.524,-0.177,0.859,0.082,0.059
255,4,1105.9225485393501,0,1,1268,11.632,2.953,0.524,-0.17,0.866,0.08,0.054
256,1,768.3236411912245,0,0,921,12.133,3.103,0.452,-0.345,0.571,0.3,0.129
256,2,853.1985360131029,0,0,985,12.079,3.094,0.478,-0.33,0.566,0.307,0.127
256,3,1055.7794111885873,0,1,932,11.973,3.086,0.471,-0.319,0.557,0.317,0.127
256,4,1058.076433367112,0,1,919,11.948,3.127,0.471,-0.366,0.571,0.299,0.129
257,1,873.7510553609986,0,0,226,10.726,2.827,0.588,0.325,0.77,0.124,0.106
257,2,1144.6844102078414,0,0,311,11.524,2.846,0.585,0.032,0.804,0.106,0.09
257,3,1174.6982045617228,0,1,308,11.532,2.893,0.571,-0.003,0.792,0.104,0.104
257,4,1224.903685166755,0,1,287,11.655,2.902,0.578,-0.04,0.787,0.105,0.108
258,1,883.853495221309,0,0,778,10.924,3.127,0.626,0.53,0.855,0.096,0.049
258,2,1105.7064036107452,0,0,796,11.029,3.131,0.601,0.452,0.866,0.09,0.044
258,3,1362.843810845247,0,1,786,11.179,3.14,0.604,0.415,0.872,0.084,0.045
258,4,1695.8221204612628,0,1,766,11.314,3.127,0.603,0.357,0.873,0.081,0.046
259,1,670.0764419137338,0,0,485,12.045,3.113,0.482,-0.373,0.73,0.177,0.093
259,2,729.3551062197542,0,0,498,12.138,3.114,0.46,-0.39,0.735,0.177,0.088
259,3,805.4924959136298,0,1,491,11.925,3.09,0.454,-0.395,0.723,0.185,0.092
259,4,1035.0637235200347,0,1,508,11.919,3.065,0.461,-0.461,0.717,0.191,0.093
260,1,723.306202741948,0,0,2718,12.022,2.966,0.467,-0.281,0.79,0.16,0.05
260,2,902.7863657798727,0,0,2601,11.959,2.954,0.475,-0.27,0.789,0.163,0.049
260,3,1009.1311451559272,0,1,2563,11.915,2.943,0.478,-0.253,0.788,0.163,0.05
260,4,1018.4588541131415,0,1,2533,11.944,2.951,0.475,-0.28,0.787,0.165,0.048
261,1,721.7926867524476,1,0,1200,11.748,2.942,0.507,-0.186,0.828,0.111,0.061
261,2,896.5518672576003,1,0,1160,11.739,2.934,0.516,-0.172,0.829,0.108,0.063
261,3,1058.8652305833978,1,1,1111,11.675,2.916,0.517,-0.183,0.828,0.109,0.063
261,4,1264.8606510699701,1,1,1086,11.662,2.93,0.523,-0.165,0.831,0.109,0.061
262,1,1114.6767424883458,0,0,164,10.974,3.037,0.646,0.503,0.756,0.171,0.073
262,2,1530.0541403738018,0,0,152,10.875,3.059,0.632,0.504,0.75,0.171,0.079
262,3,2215.964512014809,0,1,180,10.92,3.089,0.6,0.292,0.761,0.172,0.067
262,4,1773.297298365981,0,1,193,10.939,3.026,0.585,0.217,0.772,0.155,0.073
263,1,868.2685303729597,1,0,279,10.273,3.143,0.695,0.506,0.473,0.419,0.108
263,2,1238.803609265209,1,0,281,10.559,3.114,0.669,0.387,0.463,0.431,0.107
263,3,1420.8969366011418,1,1,267,10.596,3.097,0.655,0.366,0.468,0.423,0.109
263,4,1561.3374489729515,1,1,273,10.916,3.077,0.619,0.192,0.454,0.44,0.106
264,1,1013.5747536888417,1,0,250,11.783,2.992,0.464,-0.062,0.588,0.36,0.052
264,2,1181.6430911040827,1,0,242,11.788,3.025,0.45,-0.109,0.591,0.36,0.05
264,3,1257.9200496702074,1,1,255,11.82,3.031,0.451,-0.144,0.569,0.38,0.051
264,4,1690.893823418203,1,1,283,11.688,3.032,0.456,-0.176,0.572,0.378,0.049
265,1,1000.8007150515108,0,0,1017,11.36,2.937,0.616,0.357,0.675,0.117,0.208
265,2,1157.4879586549368,0,0,1050,11.483,2.97,0.607,0.273,0.67,0.12,0.21
265,3,1226.6336556635747,0,1,1154,11.325,2.991,0.593,0.213,0.67,0.12,0.211
265,4,1401.2733953752224,0,1,1193,11.366,2.992,0.583,0.165,0.678,0.117,0.205
266,1,1165.157643291353,1,0,1969,10.874,3.01,0.586,0.388,0.892,0.085,0.023
266,2,1362.0681558507388,1,0,1928,10.834,3.015,0.59,0.38,0.891,0.092,0.017
266,3,1627.9485588051152,1,1,1954,10.934,2.99,0.576,0.275,0.894,0.086,0.019
266,4,1740.0273647052684,1,1,1856,10.923,2.988,0.567,0.24,0.895,0.084,0.02
267,1,862.2228828230419,1,0,435,10.404,2.97,0.641,0.551,0.841,0.064,0.094
267,2,957.3747974431838,1,0,418,10.505,2.981,0.632,0.507,0.833,0.069,0.098
267,3,1272.2165777640926,1,1,411,10.459,3.012,0.64,0.477,0.832,0.073,0.095
267,4,1372.809780660016,1,1,501,10.661,3.022,0.599,0.248,0.844,0.064,0.092
268,1,874.3256408875995,1,0,189,12.019,2.788,0.413,-0.723,0.529,0.392,0.079
268,2,855.3536542710804,1,0,177,12.135,2.853,0.39,-0.657,0.497,0.412,0.09
268,3,941.2797628590226,1,1,178,12.329,2.871,0.416,-0.606,0.506,0.404,0.09
268,4,1145.7760013228592,1,1,168,12.289,2.857,0.446,-0.603,0.524,0.387,0.089
269,1,707.4135709257155,0,0,646,11.838,3.014,0.494,-0.219,0.616,0.226,0.158
269,2,865.1363101133156,0,0,648,11.821,2.997,0.481,-0.213,0.622,0.222,0.156
269,3,1085.1026335730503,0,1,631,11.818,3.017,0.494,-0.197,0.607,0.23,0.163
269,4,1193.9090931848343,0,1,611,11.852,3.083,0.493,-0.216,0.604,0.231,0.165
270,1,727.584967172117,1,0,207,12.48,3.039,0.372,-0.728,0.71,0.159,0.13
270,2,576.7968509710403,1,0,181,12.297,2.945,0.376,-0.753,0.702,0.177,0.122
270,3,733.2318499392038,1,1,212,12.144,2.976,0.396,-0.632,0.708,0.17,0.123
270,4,858.7219057745014,1,1,195,12.132,3,0.39,-0.617,0.713,0.169,0.118
271,1,916.6272713262324,0,0,821,10.93,3.045,0.658,0.582,0.722,0.144,0.134
271,2,1291.7001503745598,0,0,795,10.947,3.043,0.654,0.555,0.728,0.138,0.133
271,3,1435.797337517835,0,1,818,11.105,3.026,0.628,0.407,0.729,0.138,0.133
271,4,1567.5166434293735,0,1,805,11.099,3.043,0.634,0.366,0.727,0.135,0.138
272,1,1115.810879855837,1,0,346,11.217,2.815,0.61,0.305,0.483,0.413,0.104
272,2,1254.8995075520902,1,0,323,11.206,2.802,0.604,0.254,0.474,0.424,0.102
272,3,1686.6272525514612,1,1,326,11.152,2.84,0.577,0.182,0.472,0.42,0.107
272,4,1503.0080931113787,1,1,355,11.439,2.918,0.561,0.088,0.476,0.417,0.107
273,1,1465.5121511312811,0,0,160,11.738,2.969,0.594,0.211,0.569,0.3,0.131
273,2,898.9593511068045,0,0,158,11.59,2.899,0.601,0.185,0.551,0.342,0.108
273,3,938.7118768654468,0,1,148,11.686,2.851,0.595,0.179,0.541,0.338,0.122
273,4,1203.1561296150974,0,1,153,11.699,2.863,0.569,0.159,0.516,0.373,0.111
274,1,923.6656874735551,1,0,394,10.658,3.028,0.622,0.337,0.916,0.051,0.033
274,2,1124.5256949896439,1,0,414,11.094,3.017,0.585,0.077,0.925,0.048,0.027
274,3,1348.0714312183206,1,1,411,11.226,3.015,0.594,0.056,0.917,0.049,0.034
274,4,1215.4658907695816,1,1,393,11.413,3.01,0.578,0.011,0.931,0.046,0.023
275,1,939.4875454595995,1,0,305,11.8,3.062,0.577,0.053,0.695,0.21,0.095
275,2,1139.1918497790969,1,0,304,11.644,2.941,0.572,0.032,0.724,0.197,0.079
275,3,1169.218303149287,1,1,291,11.609,2.99,0.567,0.008,0.742,0.175,0.082
275,4,1284.952805983293,1,1,274,11.479,2.967,0.569,0.02,0.755,0.172,0.073
276,1,863.0707452720634,1,0,2284,11.07,3.013,0.588,0.246,0.83,0.127,0.044
276,2,1143.2549871756744,1,0,2209,11.065,3.013,0.588,0.239,0.831,0.127,0.043
276,3,1437.6834081666218,1,1,2112,11.062,3.014,0.585,0.248,0.83,0.129,0.042
276,4,1606.6849828509494,1,1,2009,11.115,3.01,0.589,0.235,0.832,0.127,0.04
277,1,826.3068008726842,0,0,384,10.826,3.06,0.536,0.222,0.732,0.13,0.138
277,2,1057.3994029249477,0,0,390,10.783,3.118,0.533,0.203,0.721,0.131,0.149
277,3,1379.515528351407,0,1,405,11.07,3.077,0.531,0.124,0.719,0.131,0.151
277,4,1536.8350897761895,0,1,415,11.226,3.113,0.52,0.017,0.716,0.125,0.159
278,1,736.9169131623923,1,0,153,12.743,2.987,0.458,-0.36,0.765,0.052,0.183
278,2,885.6248370846057,1,0,147,12.716,3.095,0.49,-0.305,0.776,0.041,0.184
278,3,927.6292052836668,1,1,144,12.677,3.104,0.5,-0.308,0.785,0.035,0.181
278,4,1072.7874178856434,1,1,156,12.616,3.167,0.519,-0.366,0.769,0.038,0.192
279,1,824.8031985147201,0,0,843,11.55,2.91,0.585,0.08,0.875,0.107,0.018
279,2,1017.0446092622527,0,0,826,11.557,2.952,0.586,0.081,0.87,0.11,0.019
279,3,1024.1010262943191,0,1,835,11.491,2.949,0.588,0.06,0.867,0.113,0.02
279,4,1257.086867957946,0,1,825,11.692,2.982,0.583,-0.014,0.872,0.109,0.019
280,1,992.6407398364692,1,0,226,11.665,3.035,0.5,0.007,0.588,0.341,0.071
280,2,968.8439047408175,1,0,227,11.464,3.075,0.507,0.018,0.555,0.374,0.07
280,3,1277.9588874672909,1,1,231,11.689,3.087,0.485,-0.049,0.563,0.359,0.078
280,4,1279.0181798793471,1,1,234,11.638,3.081,0.483,-0.094,0.551,0.368,0.081
281,1,919.3833080390494,0,0,299,10.991,2.839,0.595,0.501,0.836,0.094,0.07
281,2,1263.8969432448246,0,0,290,11.05,2.848,0.593,0.437,0.828,0.1,0.072
281,3,1650.1913144528744,0,1,284,11.177,2.824,0.57,0.364,0.831,0.095,0.074
281,4,1738.2806273825915,0,1,273,11.041,2.85,0.571,0.329,0.832,0.103,0.066
282,1,1043.3838097703635,0,0,354,11.381,3,0.531,0.158,0.599,0.257,0.144
282,2,1309.5960293683977,0,0,378,11.521,3.063,0.519,0.111,0.59,0.259,0.151
282,3,1309.6551760966784,0,1,360,11.63,3.075,0.506,0.037,0.603,0.253,0.144
282,4,1315.2825175916146,0,1,362,11.8,3.058,0.492,-0.031,0.624,0.235,0.141
283,1,751.8182248711504,0,0,1539,12.021,3.056,0.477,-0.208,0.858,0.085,0.057
283,2,946.2300393030415,0,0,1505,11.985,3.071,0.486,-0.175,0.854,0.088,0.058
283,3,940.9174609025974,0,1,1612,11.96,3.081,0.478,-0.221,0.853,0.087,0.06
283,4,1148.0736281008426,0,1,1603,11.882,3.035,0.488,-0.198,0.847,0.093,0.06
284,1,805.5144120919874,0,0,111,11.451,2.874,0.495,0.048,0.649,0.243,0.108
284,2,1297.5237468133896,0,0,117,11.728,3.043,0.453,0.03,0.658,0.256,0.085
284,3,1302.0151092741307,0,1,122,11.694,3.139,0.459,-0.096,0.598,0.32,0.082
284,4,1039.321020923928,0,1,160,11.689,3.094,0.444,-0.3,0.588,0.331,0.081
285,1,630.8400877918923,0,0,464,12.447,2.89,0.45,-0.448,0.72,0.14,0.14
285,2,758.4706034601991,0,0,448,12.398,2.949,0.451,-0.44,0.723,0.125,0.152
285,3,898.6154897289115,0,1,429,12.13,2.942,0.485,-0.384,0.727,0.128,0.145
285,4,912.3638604254492,0,1,420,12.127,2.94,0.476,-0.393,0.724,0.14,0.136
286,1,731.4234900048419,0,0,360,11.822,2.928,0.519,-0.131,0.672,0.272,0.056
286,2,820.32312150244,0,0,343,11.784,2.948,0.531,-0.094,0.668,0.277,0.055
286,3,1020.3502495200293,0,1,432,11.881,3.062,0.53,-0.114,0.681,0.252,0.067
286,4,1215.3939168289937,0,1,421,11.763,3.088,0.515,-0.134,0.656,0.261,0.083
287,1,1068.672321838574,1,0,524,11.082,3.029,0.559,0.207,0.553,0.397,0.05
287,2,1253.0198667330267,1,0,515,11.207,3.049,0.559,0.17,0.563,0.39,0.047
287,3,1425.263879915451,1,1,490,11.359,3.037,0.576,0.144,0.559,0.394,0.047
287,4,1532.1352944214727,1,1,580,11.591,3.012,0.548,-0.036,0.571,0.381,0.048
288,1,962.5235388832147,0,0,503,11.389,3.004,0.491,-0.177,0.781,0.133,0.085
288,2,860.5566723185727,0,0,550,11.662,3.04,0.48,-0.248,0.784,0.136,0.08
288,3,1050.2393573385857,0,1,536,11.682,3.019,0.489,-0.236,0.785,0.136,0.078
288,4,936.791659252537,0,1,602,12.191,3.04,0.453,-0.505,0.786,0.133,0.081
289,1,831.0401076696569,1,0,243,11.436,2.84,0.547,0.103,0.667,0.243,0.091
289,2,1410.204228183965,1,0,255,11.389,2.847,0.545,0.09,0.675,0.235,0.09
289,3,1391.6255285378031,1,1,251,11.186,2.888,0.57,0.15,0.665,0.231,0.104
289,4,1392.3153293057233,1,1,241,11.094,2.9,0.552,0.119,0.66,0.232,0.108
290,1,750.2386366476871,0,0,506,11.759,2.919,0.445,-0.156,0.792,0.119,0.089
290,2,850.5892526648236,0,0,507,11.817,2.917,0.448,-0.165,0.789,0.116,0.095
290,3,903.8904627286872,0,1,491,11.735,2.912,0.44,-0.145,0.79,0.112,0.098
290,4,1083.443547607937,0,1,490,11.68,2.929,0.445,-0.205,0.786,0.118,0.096
291,1,629.0340352986512,0,0,632,11.719,2.854,0.57,0.207,0.641,0.283,0.076
291,2,970.2388143619438,0,0,625,11.825,2.866,0.57,0.168,0.638,0.288,0.074
291,3,1211.7294288951402,0,1,665,11.822,2.871,0.577,0.125,0.633,0.293,0.074
291,4,1232.6817760745787,0,1,654,11.841,2.884,0.578,0.073,0.639,0.289,0.072
292,1,933.5322208473033,0,0,285,11.148,2.937,0.551,0.066,0.646,0.133,0.221
292,2,929.1331881608536,0,0,343,11.264,2.939,0.563,0.049,0.638,0.128,0.233
292,3,1235.5508138665555,0,1,343,11.301,2.98,0.557,0.024,0.621,0.134,0.245
292,4,1246.4438586624242,0,1,334,11.252,2.979,0.557,0.006,0.641,0.129,0.231
293,1,742.7096647396697,0,0,2284,11.87,3.023,0.503,-0.179,0.472,0.324,0.204
293,2,904.0922108019453,0,0,2292,11.904,3.014,0.491,-0.223,0.465,0.326,0.209
293,3,998.3622874641127,0,1,2311,11.891,3.006,0.488,-0.248,0.466,0.327,0.207
293,4,1057.4771027305085,0,1,2359,11.784,2.994,0.493,-0.257,0.457,0.332,0.212
294,1,831.64929868021,0,0,616,11.689,3.036,0.537,-0.049,0.841,0.104,0.055
294,2,1035.6074466285731,0,0,620,11.722,3.01,0.526,-0.098,0.852,0.102,0.047
294,3,1081.001541039088,0,1,595,11.677,3.035,0.533,-0.142,0.859,0.097,0.044
294,4,1223.754328386014,0,1,623,11.714,3.047,0.523,-0.176,0.856,0.106,0.039
295,1,778.4047885834326,0,0,1539,12.085,3.031,0.441,-0.43,0.549,0.341,0.11
295,2,803.9194249733415,0,0,1458,12.002,3.017,0.447,-0.406,0.55,0.336,0.114
295,3,834.0304287459714,0,1,1459,12.029,3.011,0.449,-0.376,0.543,0.343,0.114
295,4,975.3529898229839,0,1,1489,11.917,2.994,0.469,-0.34,0.541,0.346,0.113
296,1,1152.4776323231772,1,0,417,10.749,3.194,0.616,0.434,0.508,0.357,0.134
296,2,1378.7314051889389,1,0,392,10.922,3.148,0.62,0.436,0.518,0.349,0.133
296,3,1316.9476304429468,1,1,402,10.965,3.117,0.607,0.341,0.502,0.363,0.134
296,4,1485.0974708258916,1,1,394,11.163,3.127,0.602,0.255,0.525,0.343,0.132
297,1,969.5266811238589,0,0,306,11.073,2.915,0.516,0.189,0.673,0.265,0.062
297,2,1238.7820065430428,0,0,302,10.991,2.907,0.513,0.171,0.662,0.275,0.063
297,3,1343.6153108808344,0,1,283,11.129,2.898,0.516,0.15,0.657,0.279,0.064
297,4,1443.6762809676095,0,1,266,10.871,2.88,0.508,0.068,0.677,0.263,0.06
298,1,884.0148560846204,1,0,91,11.418,3.11,0.538,0.186,0.769,0.154,0.077
298,2,728.077108325064,1,0,112,11.516,3.098,0.509,0.031,0.786,0.161,0.054
298,3,921.0647862044895,1,1,120,11.377,3.033,0.483,-0.101,0.792,0.158,0.05
298,4,1296.8619197519117,1,1,104,11.126,3.058,0.49,-0.016,0.779,0.173,0.048
299,1,890.1017535356469,1,0,354,11.069,3.045,0.531,0.088,0.847,0.133,0.02
299,2,1083.1083318752046,1,0,333,11.295,2.976,0.541,0.071,0.838,0.138,0.024
299,3,1171.020123321901,1,1,334,11.356,2.946,0.542,0.038,0.832,0.141,0.027
299,4,1603.245349216338,1,1,308,11.419,2.948,0.545,0.005,0.831,0.14,0.029
300,1,1021.409283644173,1,0,517,11.547,2.946,0.569,0.177,0.505,0.373,0.122
300,2,1116.4208712153604,1,0,516,11.63,2.996,0.566,0.124,0.521,0.36,0.118
300,3,1449.5014415823234,1,1,494,11.577,2.986,0.571,0.12,0.514,0.36,0.126
300,4,1442.5975332024266,1,1,461,11.507,2.948,0.566,0.098,0.512,0.367,0.121
301,1,936.9347149680214,0,0,864,11.412,2.922,0.578,0.212,0.757,0.179,0.064
301,2,1180.6479302284947,0,0,877,11.507,2.934,0.576,0.189,0.746,0.193,0.062
301,3,1295.7401259840485,0,1,880,11.612,2.945,0.565,0.145,0.748,0.193,0.059
301,4,1524.1868989482734,0,1,893,11.625,2.979,0.562,0.104,0.75,0.185,0.065
302,1,715.8329154102112,0,0,332,11.038,2.997,0.617,0.414,0.816,0.139,0.045
302,2,1303.5890048246192,0,0,316,11.017,2.956,0.627,0.462,0.813,0.139,0.047
302,3,1285.6003270520812,0,1,290,11.17,2.907,0.628,0.464,0.814,0.138,0.048
302,4,1780.7508679994562,0,1,287,11.275,2.889,0.606,0.399,0.819,0.139,0.042
303,1,1388.6826274078417,1,0,416,11.139,3.137,0.62,0.432,0.678,0.231,0.091
303,2,1716.0842927279616,1,0,414,11.11,3.092,0.621,0.401,0.688,0.232,0.08
303,3,1702.0984765427195,1,1,421,11.249,3.057,0.603,0.304,0.698,0.226,0.076
303,4,1822.0984292662774,1,1,401,11.328,3.06,0.601,0.261,0.701,0.222,0.077
304,1,707.1424084765054,0,0,484,12.51,2.924,0.428,-0.575,0.678,0.196,0.126
304,2,813.7862314530779,0,0,460,12.418,2.889,0.446,-0.524,0.674,0.204,0.122
304,3,1040.4032152049958,0,1,462,12.317,2.855,0.47,-0.492,0.656,0.214,0.13
304,4,1052.737120561267,0,1,455,12.216,2.884,0.475,-0.458,0.642,0.229,0.13
305,1,742.5577204036182,0,0,260,11.01,3.104,0.573,0.368,0.854,0.092,0.054
305,2,997.9912097653389,0,0,294,11.421,3.051,0.544,0.208,0.861,0.082,0.058
305,3,1438.5455263219217,0,1,292,11.325,3.034,0.534,0.16,0.866,0.079,0.055
305,4,1642.1111024040863,0,1,283,11.397,3.007,0.519,0.099,0.855,0.092,0.053
306,1,931.7267381871959,0,0,477,12.023,3.14,0.516,-0,0.587,0.338,0.075
306,2,1034.4678289440258,0,0,471,11.948,3.081,0.524,-0.038,0.58,0.34,0.081
306,3,1213.0849592280904,0,1,472,12.035,3.061,0.53,-0.095,0.578,0.333,0.089
306,4,1229.402027392172,0,1,462,12.172,3.076,0.519,-0.151,0.582,0.329,0.089
307,1,884.9345025083983,1,0,506,11.098,2.879,0.583,0.229,0.713,0.186,0.101
307,2,1309.8047428412583,1,0,475,11.13,2.867,0.587,0.233,0.718,0.179,0.103
307,3,1408.5997565312803,1,1,515,11.345,2.843,0.583,0.171,0.711,0.181,0.109
307,4,1603.7773756801814,1,1,542,11.389,2.924,0.581,0.078,0.707,0.183,0.111
308,1,741.5958455151,1,0,778,11.475,3.006,0.559,0.078,0.551,0.361,0.087
308,2,920.4044489621812,1,0,805,11.545,3.01,0.56,0.042,0.54,0.364,0.096
308,3,1118.4667723767723,1,1,767,11.62,3.044,0.561,0.036,0.54,0.369,0.091
308,4,1222.038306071705,1,1,756,11.617,3.066,0.562,0.012,0.544,0.362,0.094
309,1,994.6591158564156,0,0,1373,11.031,2.984,0.582,0.266,0.823,0.16,0.017
309,2,1252.3580876302938,0,0,1358,11.082,2.95,0.572,0.242,0.824,0.157,0.019
309,3,1332.1300844332548,0,1,1365,11.194,2.957,0.549,0.155,0.829,0.155,0.017
309,4,1366.9629613200286,0,1,1384,11.231,2.952,0.548,0.109,0.835,0.148,0.017
310,1,547.5960143713284,0,0,247,11.958,3.154,0.51,-0.135,0.838,0.138,0.024
310,2,974.0876694787631,0,0,254,11.935,3.079,0.516,-0.133,0.843,0.134,0.024
310,3,1104.9560265051,0,1,230,12.016,3.048,0.513,-0.129,0.843,0.126,0.03
310,4,1131.2810599505306,0,1,243,11.881,3.058,0.514,-0.151,0.823,0.148,0.029
311,1,1016.9797226746707,1,0,376,11.316,3.027,0.545,0.046,0.785,0.154,0.061
311,2,976.5300835808612,1,0,396,11.34,3.033,0.538,0.035,0.798,0.144,0.058
311,3,1339.5583528645832,1,1,373,11.402,3.046,0.536,-0.003,0.794,0.147,0.059
311,4,1528.5814121772364,1,1,365,11.447,2.995,0.534,-0.075,0.775,0.159,0.066
312,1,940.2980254008055,1,0,244,11.58,3.074,0.594,0.12,0.455,0.459,0.086
312,2,978.7895803646352,1,0,244,11.5,3.086,0.578,0.1,0.463,0.459,0.078
312,3,1271.4729895883509,1,1,301,11.672,2.98,0.545,0.012,0.478,0.445,0.076
312,4,1466.0063370189314,1,1,282,11.667,2.901,0.532,0.02,0.465,0.443,0.092
313,1,988.8140086945602,1,0,293,11.313,2.846,0.59,0.134,0.666,0.208,0.126
313,2,1189.092152388138,1,0,295,11.142,2.793,0.593,0.181,0.651,0.227,0.122
313,3,1403.0703491606744,1,1,287,11.141,2.829,0.596,0.172,0.659,0.23,0.111
313,4,1696.7108343482114,1,1,286,11.24,2.832,0.559,0.075,0.643,0.227,0.129
314,1,857.8683220749492,0,0,797,11.64,2.921,0.503,-0.067,0.887,0.097,0.016
314,2,883.4896372376746,0,0,791,11.665,2.889,0.502,-0.041,0.886,0.099,0.015
314,3,947.4708535908753,0,1,840,11.961,2.927,0.481,-0.213,0.892,0.09,0.018
314,4,1043.8535717560815,0,1,822,11.952,2.938,0.471,-0.238,0.894,0.088,0.018
315,1,775.2529142563043,0,0,678,11.056,3.066,0.594,0.241,0.618,0.199,0.183
315,2,1014.7532009206657,0,0,670,10.978,3.061,0.6,0.221,0.618,0.201,0.181
315,3,1217.8254365192172,0,1,644,11.156,3.05,0.587,0.204,0.609,0.2,0.191
315,4,1423.792353700808,0,1,603,11.229,3.028,0.582,0.179,0.625,0.191,0.184
316,1,940.2933012865846,1,0,756,12.019,3.045,0.435,-0.435,0.676,0.142,0.183
316,2,1084.8956589669256,1,0,757,11.824,3.036,0.453,-0.384,0.674,0.147,0.18
316,3,1320.7664546435387,1,1,732,11.758,3.022,0.463,-0.342,0.684,0.138,0.178
316,4,1299.7735043545943,1,1,756,11.838,3.046,0.481,-0.333,0.685,0.14,0.175
317,1,921.4529479936044,0,0,757,11.361,2.98,0.58,0.234,0.746,0.178,0.075
317,2,1258.9039431291988,0,0,725,11.389,2.954,0.57,0.235,0.752,0.171,0.077
317,3,1342.4271780032195,0,1,714,11.495,2.954,0.573,0.194,0.739,0.175,0.085
317,4,1486.956312106767,0,1,700,11.531,2.959,0.546,0.11,0.746,0.17,0.084
318,1,864.1486516728484,0,0,1540,11.466,2.914,0.529,0.029,0.557,0.184,0.259
318,2,954.1967618593899,0,0,1592,11.606,2.954,0.516,-0.026,0.553,0.189,0.258
318,3,1012.5078428617157,0,1,1554,11.646,2.937,0.5,-0.084,0.554,0.196,0.25
318,4,1223.80873681065,0,1,1485,11.62,2.949,0.491,-0.108,0.558,0.193,0.248
319,1,789.4458678682329,1,0,199,11.092,2.704,0.553,0.449,0.749,0.111,0.141
319,2,1529.4340095580749,1,0,213,11.129,2.737,0.554,0.385,0.746,0.113,0.141
319,3,1406.0389272974753,1,1,216,11.296,2.727,0.569,0.291,0.745,0.102,0.153
319,4,1459.6402775677245,1,1,218,11.386,2.761,0.583,0.224,0.761,0.096,0.142
320,1,1471.6571349258734,0,0,162,11.155,3.049,0.574,0.385,0.506,0.377,0.117
320,2,1486.1234326032234,0,0,174,11.341,3.132,0.563,0.165,0.552,0.345,0.103
320,3,1227.4062847465161,0,1,165,11.307,3.188,0.594,0.183,0.521,0.37,0.109
320,4,1403.5895627365614,0,1,160,11.185,3.275,0.606,0.107,0.544,0.35,0.106
321,1,936.4702022819889,0,0,1310,11.276,2.906,0.598,0.275,0.916,0.049,0.035
321,2,1206.8170175321764,0,0,1293,11.519,2.901,0.58,0.165,0.916,0.049,0.036
321,3,1310.736296609566,0,1,1247,11.497,2.906,0.585,0.175,0.917,0.047,0.035
321,4,1552.0174035024236,0,1,1228,11.37,2.91,0.581,0.149,0.916,0.05,0.034
322,1,972.6392401637657,1,0,147,10.955,3.014,0.605,0.27,0.741,0.122,0.136
322,2,1182.2671657484857,1,0,139,10.979,2.964,0.59,0.234,0.748,0.101,0.151
322,3,1174.8140076927193,1,1,151,11.144,2.894,0.603,0.127,0.735,0.113,0.152
322,4,1434.5854794108232,1,1,151,10.977,2.914,0.609,0.089,0.728,0.126,0.146
323,1,847.2332178115325,1,0,659,11.922,2.988,0.514,-0.177,0.587,0.188,0.225
323,2,925.0211137758399,1,0,652,11.794,2.971,0.518,-0.134,0.577,0.193,0.23
323,3,1085.3811565275057,1,1,625,11.814,2.976,0.517,-0.125,0.571,0.203,0.226
323,4,1229.7502529034564,1,1,635,11.796,2.961,0.513,-0.1,0.581,0.206,0.213
324,1,667.3160401863287,1,0,146,11.09,3.123,0.548,0.18,0.719,0.24,0.041
324,2,918.4926667239264,1,0,160,11.094,3.175,0.525,0.046,0.731,0.238,0.031
324,3,1605.5990771252218,1,1,166,11.588,3.169,0.5,-0.004,0.735,0.229,0.036
324,4,1243.3858956644726,1,1,202,11.232,3.322,0.545,-0.052,0.743,0.218,0.04
325,1,913.629434515287,0,0,894,10.872,2.923,0.62,0.54,0.587,0.238,0.174
325,2,1251.6647617775657,0,0,846,10.941,2.904,0.622,0.516,0.586,0.242,0.171
325,3,1490.8648814621902,0,1,884,10.85,2.877,0.603,0.431,0.578,0.249,0.173
325,4,1683.7881745574057,0,1,900,10.938,2.834,0.596,0.287,0.58,0.25,0.17
326,1,884.0900401788809,0,0,264,11.865,2.947,0.473,-0.031,0.648,0.231,0.121
326,2,1010.2393471426462,0,0,257,11.866,2.914,0.479,0.002,0.634,0.241,0.125
326,3,1002.8265843591674,0,1,248,11.847,2.839,0.48,-0.01,0.629,0.246,0.125
326,4,1215.3454123725567,0,1,261,11.9,2.854,0.471,-0.053,0.617,0.245,0.138
327,1,872.858179947035,1,0,377,11.595,2.971,0.554,-0.02,0.867,0.09,0.042
327,2,1100.8664093136322,1,0,358,11.611,2.908,0.559,-0.029,0.874,0.084,0.042
327,3,1227.352975132119,1,1,358,11.572,2.947,0.57,-0.025,0.872,0.084,0.045
327,4,1217.1481151867997,1,1,362,11.66,2.95,0.552,-0.156,0.859,0.086,0.055
328,1,945.5121079159403,0,0,1015,11.074,3.001,0.601,0.269,0.567,0.27,0.164
328,2,1197.1036755968487,0,0,1026,11.127,2.981,0.593,0.218,0.578,0.266,0.156
328,3,1430.91380615543,0,1,1017,11.144,2.962,0.578,0.15,0.58,0.267,0.152
328,4,1495.940748313978,0,1,1125,11.211,2.924,0.56,0.009,0.586,0.265,0.149
329,1,1087.5440446425598,1,0,754,11.287,3.017,0.511,0.044,0.866,0.061,0.073
329,2,1133.8556675273423,1,0,766,11.156,3.056,0.526,0.091,0.867,0.064,0.069
329,3,1207.5285963419444,1,1,750,11.249,3.057,0.533,0.093,0.865,0.065,0.069
329,4,1353.7272683156805,1,1,716,11.315,3.041,0.531,0.049,0.865,0.071,0.064
330,1,754.9879463985843,0,0,841,11.791,2.95,0.502,-0.238,0.516,0.354,0.13
330,2,857.845593410392,0,0,839,11.73,2.92,0.509,-0.232,0.515,0.348,0.137
330,3,954.2554805475904,0,1,822,11.886,2.953,0.502,-0.306,0.51,0.345,0.145
330,4,1151.998679919258,0,1,816,11.955,2.949,0.498,-0.299,0.515,0.343,0.142
331,1,658.714776877231,0,0,391,12.134,3,0.43,-0.473,0.701,0.228,0.072
331,2,753.8061013818979,0,0,400,12.183,3.013,0.435,-0.459,0.715,0.208,0.078
331,3,900.1593124515006,0,1,381,11.92,2.934,0.43,-0.439,0.711,0.207,0.081
331,4,935.5179720069547,0,1,367,11.842,2.875,0.431,-0.451,0.714,0.199,0.087
332,1,802.3978228982579,0,0,3723,11.371,3.005,0.566,0.15,0.605,0.286,0.108
332,2,1050.3917067887508,0,0,3871,11.404,3.017,0.56,0.101,0.601,0.283,0.115
332,3,1252.114213250996,0,1,3713,11.456,3.002,0.553,0.075,0.6,0.283,0.118
332,4,1362.7007532982932,0,1,3571,11.437,3.001,0.557,0.048,0.598,0.285,0.117
333,1,668.0516816215629,0,0,236,12.489,2.797,0.381,-0.706,0.674,0.229,0.097
333,2,673.076675451286,0,0,216,12.426,2.796,0.398,-0.643,0.676,0.218,0.106
333,3,771.9824189138153,0,1,234,12.446,2.833,0.363,-0.691,0.641,0.231,0.128
333,4,802.358722811368,0,1,228,12.57,2.899,0.364,-0.733,0.649,0.224,0.127
334,1,733.2077290832492,0,0,233,11.585,2.906,0.575,0.216,0.811,0.12,0.069
334,2,1278.2088416982626,0,0,242,11.511,2.975,0.57,0.196,0.798,0.124,0.079
334,3,1267.9522495873123,0,1,237,11.598,3.004,0.582,0.18,0.802,0.11,0.089
334,4,1398.3351305592178,0,1,238,11.649,2.979,0.521,0.063,0.803,0.109,0.088
335,1,939.793026867928,1,0,1310,11.584,2.973,0.534,-0.025,0.837,0.128,0.035
335,2,1088.509943633116,1,0,1302,11.55,2.942,0.529,-0.023,0.845,0.118,0.037
335,3,1266.2722117770861,1,1,1264,11.617,2.945,0.53,-0.074,0.845,0.118,0.037
335,4,1602.8575534451684,1,1,1262,11.659,2.959,0.531,-0.1,0.848,0.12,0.032
336,1,718.7476114000143,0,0,507,11.586,3.063,0.527,0.05,0.669,0.233,0.099
336,2,1014.179308938332,0,0,541,11.561,3.041,0.545,0.064,0.673,0.226,0.102
336,3,990.8158521397011,0,1,555,11.577,3.074,0.555,0.024,0.67,0.229,0.101
336,4,1424.8378902507075,0,1,542,11.491,3.046,0.554,0.005,0.672,0.223,0.105
337,1,713.4033137579515,0,0,394,11.973,3.02,0.487,-0.155,0.678,0.266,0.056
337,2,763.6144132344522,0,0,384,12.076,2.977,0.484,-0.185,0.667,0.279,0.055
337,3,822.1696383651691,0,1,456,11.95,3.033,0.48,-0.191,0.66,0.276,0.064
337,4,1158.6862643938512,0,1,491,11.91,2.984,0.479,-0.237,0.674,0.263,0.063
338,1,869.0430708412972,1,0,515,11.486,2.847,0.563,0.17,0.786,0.089,0.124
338,2,1116.511120452041,1,0,496,11.5,2.881,0.581,0.196,0.79,0.085,0.125
338,3,1173.1082828087654,1,1,529,11.758,2.921,0.558,0.083,0.796,0.085,0.119
338,4,1256.3383655698333,1,1,506,11.626,2.994,0.553,0.011,0.787,0.087,0.126
339,1,668.9960227147991,1,0,75,11.815,2.84,0.573,-0.144,0.613,0.307,0.08
339,2,750.0988204393016,1,0,90,11.766,2.911,0.611,-0.164,0.622,0.311,0.067
339,3,1167.2888379853166,1,1,98,11.703,2.908,0.571,-0.329,0.684,0.265,0.051
339,4,888.0068628985484,1,1,95,11.772,2.874,0.558,-0.325,0.695,0.242,0.063
340,1,1009.8995234249136,1,0,2281,11.698,3.053,0.502,-0.14,0.375,0.386,0.238
340,2,999.5978075814394,1,0,2411,11.673,3.07,0.499,-0.197,0.38,0.382,0.238
340,3,1018.6569700185503,1,1,2636,11.625,3.025,0.507,-0.191,0.382,0.379,0.239
340,4,1136.2836884848925,1,1,2604,11.634,3.002,0.508,-0.207,0.382,0.377,0.241
341,1,983.3429775626443,1,0,391,11.946,2.875,0.547,0.034,0.714,0.179,0.107
341,2,1134.6055215673412,1,0,365,11.899,2.934,0.548,0.062,0.712,0.186,0.101
341,3,1371.20239312765,1,1,399,11.889,2.927,0.549,-0.006,0.712,0.188,0.1
341,4,1404.5775618222078,1,1,383,11.894,2.937,0.554,-0.041,0.7,0.201,0.099
342,1,604.2803447959224,0,0,199,11.589,3.176,0.432,-0.451,0.759,0.201,0.04
342,2,766.0625798089336,0,0,186,11.565,3.204,0.452,-0.455,0.747,0.204,0.048
342,3,879.0585007346361,0,1,271,11.778,3.048,0.454,-0.649,0.742,0.203,0.055
342,4,901.300442328559,0,1,268,11.722,3.075,0.485,-0.591,0.746,0.198,0.056
343,1,754.117084310905,0,0,312,11.686,2.923,0.522,-0.071,0.817,0.09,0.093
343,2,970.1166818197074,0,0,307,11.62,2.935,0.518,-0.078,0.824,0.088,0.088
343,3,960.6792257970158,0,1,305,11.528,2.951,0.515,-0.082,0.826,0.092,0.082
343,4,1119.1711707944235,0,1,321,11.541,2.991,0.508,-0.126,0.816,0.1,0.084
344,1,839.8732392090534,0,0,300,12.165,2.927,0.513,-0.273,0.817,0.093,0.09
344,2,643.3025483535604,0,0,293,12.047,2.918,0.532,-0.32,0.823,0.092,0.085
344,3,810.9957197911192,0,1,310,12.144,2.871,0.539,-0.306,0.8,0.1,0.1
344,4,991.5469194167996,0,1,334,12.093,2.922,0.509,-0.309,0.784,0.105,0.111
345,1,838.7135311396902,1,0,475,11.435,3.156,0.592,0.234,0.672,0.175,0.154
345,2,1222.1558709315693,1,0,497,11.313,3.133,0.586,0.179,0.678,0.165,0.157
345,3,1398.230410988567,1,1,572,11.532,3.096,0.561,0.065,0.682,0.163,0.156
345,4,1642.6249867873778,1,1,576,11.712,3.064,0.538,-0.104,0.693,0.151,0.156
346,1,789.0007804801265,1,0,632,12.21,3.003,0.473,-0.238,0.782,0.19,0.028
346,2,855.3167455424302,1,0,650,12.417,2.988,0.474,-0.261,0.792,0.182,0.026
346,3,1181.1179993867077,1,1,665,12.284,3,0.49,-0.205,0.78,0.198,0.021
346,4,1391.764080202923,1,1,675,12.137,3.046,0.496,-0.252,0.778,0.201,0.021
347,1,927.5084104560301,1,0,486,11.927,3.082,0.547,-0.106,0.823,0.115,0.062
347,2,1030.7247391761944,1,0,468,11.823,3.066,0.53,-0.116,0.818,0.124,0.058
347,3,1204.0733204586768,1,1,555,11.893,2.973,0.512,-0.23,0.802,0.142,0.056
347,4,1281.505960838602,1,1,572,11.851,2.97,0.509,-0.255,0.804,0.138,0.058
348,1,768.86923419308,0,0,842,11.282,2.971,0.548,0.077,0.777,0.178,0.045
348,2,1174.8071281118878,0,0,801,11.295,2.953,0.546,0.076,0.77,0.181,0.049
348,3,1157.128713816184,0,1,782,11.346,2.931,0.535,0.023,0.769,0.179,0.052
348,4,1088.8354168827318,0,1,758,11.425,2.917,0.534,0.001,0.78,0.175,0.045
349,1,1054.788329856264,1,0,192,10.717,3.021,0.557,0.119,0.526,0.255,0.219
349,2,1019.5290688821428,1,0,183,10.746,3.06,0.579,0.149,0.546,0.246,0.208
349,3,1144.0260345397214,1,1,188,10.876,2.963,0.564,0.127,0.553,0.223,0.223
349,4,1231.7447248152291,1,1,192,11.314,2.927,0.573,0.021,0.547,0.229,0.224
350,1,712.3876290183385,0,0,216,12.343,3.056,0.551,0.092,0.407,0.333,0.259
350,2,962.0304366082826,0,0,209,12.314,3.11,0.565,0.133,0.411,0.321,0.268
350,3,1097.7139206694605,0,1,208,12.281,3.067,0.558,0.142,0.389,0.312,0.298
350,4,1190.9927165025822,0,1,206,12.294,2.971,0.515,0.022,0.383,0.33,0.286
351,1,929.8880823822826,1,0,174,11.085,2.943,0.603,0.413,0.5,0.31,0.19
351,2,908.6457858917972,1,0,159,11.19,2.824,0.572,0.314,0.491,0.308,0.201
351,3,1149.0987597869216,1,1,193,11.433,2.881,0.539,0.131,0.492,0.285,0.223
351,4,1371.4070367545862,1,1,195,11.413,2.944,0.554,0.123,0.523,0.267,0.21
352,1,821.9029699788325,0,0,291,11.456,2.959,0.515,0.094,0.591,0.278,0.131
352,2,1143.6170154383356,0,0,282,11.45,2.94,0.528,0.074,0.606,0.259,0.135
352,3,1246.828490381848,0,1,266,11.456,2.895,0.53,0.071,0.613,0.263,0.124
352,4,1428.6825340032728,0,1,255,11.709,2.878,0.51,0.016,0.616,0.263,0.122
353,1,765.0819622480054,1,0,3723,11.882,3.024,0.47,-0.283,0.6,0.367,0.033
353,2,925.7628762417464,1,0,3577,11.804,3.037,0.487,-0.227,0.598,0.372,0.03
353,3,1049.2386059918717,1,1,3395,11.814,3.033,0.487,-0.224,0.598,0.371,0.032
353,4,1149.4837478868483,1,1,3180,11.826,3.033,0.486,-0.236,0.6,0.369,0.031
354,1,1156.4263430308515,0,0,445,11.385,3.004,0.548,0.189,0.582,0.321,0.097
354,2,1162.1706125167036,0,0,475,11.467,2.935,0.545,0.142,0.583,0.32,0.097
354,3,1470.3773948732064,0,1,468,11.307,2.91,0.536,0.123,0.594,0.314,0.092
354,4,1345.79665946416,0,1,506,11.576,2.955,0.504,-0.126,0.599,0.312,0.089
355,1,1037.9342442729449,1,0,425,11.326,2.88,0.605,0.534,0.499,0.282,0.219
355,2,1222.3872698118826,1,0,433,11.338,2.808,0.614,0.5,0.497,0.279,0.224
355,3,1680.4632305226212,1,1,438,11.342,2.817,0.6,0.413,0.502,0.279,0.219
355,4,1684.407776655,1,1,410,11.461,2.8,0.605,0.365,0.502,0.283,0.215
356,1,918.1917566202316,1,0,1014,11.022,3.07,0.599,0.266,0.529,0.367,0.105
356,2,1097.4486021682399,1,0,965,11.039,3.07,0.604,0.251,0.521,0.368,0.111
356,3,1351.5224459479089,1,1,952,11.163,3.068,0.598,0.206,0.519,0.369,0.112
356,4,1620.5181776924237,1,1,928,11.234,3.019,0.594,0.18,0.519,0.366,0.114
357,1,849.8411549659635,1,0,1142,11.675,3.037,0.508,-0.115,0.789,0.154,0.057
357,2,929.5324893576701,1,0,1122,11.695,3.063,0.506,-0.135,0.792,0.151,0.057
357,3,1281.0569644281475,1,1,1082,11.744,3.051,0.506,-0.154,0.787,0.152,0.061
357,4,1319.6852407008391,1,1,1163,12.022,3.036,0.491,-0.307,0.789,0.15,0.061
358,1,945.2476788636836,0,0,893,11.136,3.017,0.545,0.168,0.768,0.175,0.057
358,2,1144.6341989327138,0,0,954,11.234,2.97,0.536,0.062,0.767,0.169,0.064
358,3,1331.4254988884736,0,1,987,11.247,2.975,0.538,0.033,0.765,0.175,0.06
358,4,1385.7023280981164,0,1,978,11.239,3.005,0.541,-0.004,0.772,0.163,0.065
359,1,1119.086060511558,0,0,1199,11.446,3.064,0.58,0.303,0.808,0.127,0.065
359,2,1186.78916368338,0,0,1185,11.571,3.062,0.575,0.251,0.804,0.132,0.063
359,3,1333.5000066643272,0,1,1255,11.551,3.04,0.56,0.187,0.796,0.135,0.069
359,4,1366.7065548181702,0,1,1328,11.639,3.035,0.551,0.071,0.795,0.133,0.072
360,1,755.4067250609885,0,0,273,11.102,3.084,0.553,0.203,0.648,0.212,0.139
360,2,992.679722297902,0,0,284,11.447,3.109,0.521,0.094,0.665,0.204,0.13
360,3,1350.3273009731236,0,1,285,11.07,3.084,0.544,0.106,0.674,0.211,0.116
360,4,1468.8703283061307,0,1,311,11.286,3.045,0.537,-0.006,0.682,0.206,0.113
361,1,725.7878323237911,0,0,321,11.189,2.826,0.555,0.197,0.704,0.24,0.056
361,2,922.8635177709039,0,0,318,11.252,2.899,0.547,0.149,0.711,0.233,0.057
361,3,1290.7474189197537,0,1,308,11.259,2.893,0.532,0.043,0.711,0.231,0.058
361,4,1249.3469135902203,0,1,337,11.26,2.878,0.504,-0.065,0.715,0.223,0.062
362,1,1246.7095630304188,0,0,216,11.042,2.944,0.593,0.258,0.745,0.176,0.079
362,2,1453.7145217923078,0,0,243,11.027,2.971,0.601,0.315,0.753,0.185,0.062
362,3,1343.6493680796293,0,1,272,11.321,2.934,0.559,0.178,0.728,0.21,0.062
362,4,1647.49249091282,0,1,257,11.369,2.953,0.553,0.135,0.728,0.218,0.054
363,1,889.6923457567638,1,0,919,11.562,2.917,0.52,0.068,0.572,0.234,0.194
363,2,1075.2320465280657,1,0,946,11.922,2.948,0.501,-0.113,0.582,0.225,0.192
363,3,1032.4663085696238,1,1,953,11.952,2.976,0.506,-0.101,0.59,0.217,0.193
363,4,1174.550496504273,1,1,985,11.93,2.974,0.492,-0.165,0.592,0.225,0.183
364,1,687.9565442439987,0,0,195,11.887,2.841,0.503,-0.494,0.897,0.067,0.036
364,2,906.9146765778249,0,0,199,11.906,2.859,0.492,-0.45,0.899,0.065,0.035
364,3,1312.6774375773145,0,1,187,11.795,2.92,0.471,-0.425,0.904,0.059,0.037
364,4,1132.0719864746077,0,1,182,11.577,2.94,0.5,-0.402,0.901,0.06,0.038
365,1,1066.464754587335,1,0,1969,11.023,3.001,0.602,0.323,0.825,0.136,0.04
365,2,1118.9436602911726,1,0,1947,11.082,2.973,0.6,0.309,0.822,0.137,0.041
365,3,1291.4623138923803,1,1,1996,11.168,2.964,0.593,0.249,0.823,0.134,0.044
365,4,1522.0429963988322,1,1,1967,11.14,2.952,0.59,0.223,0.819,0.138,0.043
366,1,782.8876420137826,0,0,951,11.551,2.985,0.508,-0.039,0.811,0.079,0.11
366,2,1007.0577380017617,0,0,914,11.583,2.989,0.504,-0.068,0.81,0.081,0.109
366,3,973.8710759214104,0,1,912,11.554,2.984,0.492,-0.1,0.82,0.079,0.101
366,4,1024.3627350448207,0,1,914,11.533,3.009,0.497,-0.133,0.812,0.084,0.104
367,1,769.4375946974836,0,0,1252,11.907,2.978,0.459,-0.254,0.726,0.174,0.1
367,2,881.0529846757739,0,0,1238,11.972,2.98,0.467,-0.249,0.73,0.174,0.095
367,3,1137.307788376982,0,1,1305,11.939,2.956,0.461,-0.295,0.726,0.175,0.098
367,4,1140.7783118337481,0,1,1254,12.022,2.977,0.461,-0.327,0.715,0.182,0.104
368,1,660.173157145728,0,0,337,11.659,3.053,0.472,-0.222,0.549,0.297,0.154
368,2,797.245217336329,0,0,369,11.816,3.057,0.474,-0.254,0.564,0.293,0.144
368,3,1191.0929582070846,0,1,384,11.878,3.044,0.479,-0.224,0.565,0.286,0.148
368,4,1034.1841986052737,0,1,377,11.791,3.05,0.475,-0.265,0.562,0.284,0.154
369,1,920.3138725989669,0,0,63,11.728,3.175,0.524,-0.164,0.54,0.317,0.143
369,2,1045.815399517629,0,0,65,11.05,3.215,0.462,-0.13,0.538,0.262,0.2
369,3,1005.3297381636822,0,1,70,11.15,3.286,0.457,-0.12,0.529,0.286,0.186
369,4,1634.5445561504023,0,1,70,11.13,3.214,0.443,-0.072,0.5,0.3,0.2
370,1,564.0801154483728,0,0,1372,12.804,2.968,0.386,-0.823,0.776,0.141,0.083
370,2,733.2574859140734,0,0,1310,12.694,2.946,0.391,-0.751,0.778,0.14,0.082
370,3,786.6476427086088,0,1,1266,12.556,2.937,0.396,-0.718,0.778,0.142,0.08
370,4,865.8449132871684,0,1,1222,12.479,2.973,0.39,-0.74,0.778,0.147,0.074
371,1,1156.1382163486685,1,0,716,11.718,2.986,0.522,-0.126,0.641,0.284,0.075
371,2,1184.5887035623632,1,0,746,11.772,3.054,0.524,-0.147,0.639,0.283,0.078
371,3,1138.6445457849425,1,1,706,11.755,3.059,0.528,-0.121,0.629,0.295,0.076
371,4,1326.382326036673,1,1,695,11.616,3.049,0.535,-0.122,0.627,0.298,0.075
372,1,811.4264510176309,0,0,1542,11.397,2.994,0.54,0.007,0.711,0.234,0.055
372,2,914.0051872769336,0,0,1760,11.453,2.961,0.524,-0.065,0.716,0.228,0.056
372,3,1031.051395739434,0,1,1807,11.411,2.952,0.527,-0.07,0.706,0.24,0.054
372,4,1147.8722071950017,0,1,1797,11.465,2.948,0.519,-0.137,0.709,0.238,0.053
373,1,934.099888228847,1,0,370,11.383,2.876,0.522,0.026,0.711,0.173,0.116
373,2,954.7070383947779,1,0,361,11.397,2.881,0.501,0,0.717,0.169,0.114
373,3,1167.921786206767,1,1,413,11.28,2.915,0.492,-0.087,0.722,0.174,0.104
373,4,1283.9764260316679,1,1,418,11.421,2.938,0.486,-0.135,0.703,0.187,0.11
374,1,876.8343386143874,0,0,842,11.629,3.023,0.58,0.154,0.844,0.125,0.031
374,2,1104.951077638704,0,0,897,11.616,3.03,0.575,0.136,0.842,0.124,0.035
374,3,1283.73357743275,0,1,859,11.605,3.055,0.574,0.103,0.846,0.116,0.037
374,4,1419.040075111359,0,1,839,11.651,3.05,0.578,0.028,0.847,0.117,0.036
375,1,773.869012225049,1,0,75,11.49,3,0.507,-0.429,0.773,0.173,0.053
375,2,719.8548505181255,1,0,85,11.194,3.024,0.494,-0.429,0.765,0.176,0.059
375,3,1079.4637172445532,1,1,115,11.143,3.061,0.487,-0.398,0.765,0.174,0.061
375,4,1255.9030812527258,1,1,110,11.145,2.991,0.482,-0.401,0.745,0.173,0.082
376,1,785.8323988889284,0,0,1014,11.619,3.095,0.508,-0.038,0.674,0.223,0.104
376,2,1035.0260719919686,0,0,982,11.51,3.097,0.523,-0.027,0.675,0.219,0.106
376,3,1046.634316332122,0,1,948,11.556,3.122,0.514,-0.062,0.681,0.213,0.105
376,4,1195.4571510873868,0,1,1032,11.789,3.07,0.489,-0.242,0.693,0.208,0.099
377,1,742.2830273904309,1,0,319,11.953,2.846,0.461,-0.218,0.583,0.219,0.197
377,2,1028.2663754326068,1,0,343,11.873,2.93,0.455,-0.178,0.586,0.207,0.207
377,3,1275.23148119312,1,1,332,12.026,3.003,0.455,-0.199,0.581,0.205,0.214
377,4,1401.049962603222,1,1,348,11.989,3.017,0.46,-0.254,0.578,0.187,0.236
378,1,812.6408505205004,1,0,2720,11.543,3.008,0.512,0.01,0.848,0.124,0.028
378,2,1046.634631862703,1,0,2623,11.528,3.008,0.51,0.008,0.848,0.125,0.028
378,3,1198.293177410535,1,1,2481,11.538,3.015,0.514,0.003,0.853,0.117,0.029
378,4,1313.8019108350884,1,1,2529,11.534,3.016,0.524,-0.022,0.856,0.116,0.028
379,1,712.8827926912929,0,0,953,11.549,3.034,0.528,-0.018,0.608,0.308,0.084
379,2,1055.5380585632522,0,0,919,11.54,3.037,0.529,-0.045,0.604,0.308,0.088
379,3,1013.0696928026173,0,1,893,11.501,3.035,0.538,-0.042,0.609,0.306,0.085
379,4,1273.4533248418468,0,1,834,11.567,3.042,0.543,-0.051,0.601,0.314,0.085
380,1,744.8053629754174,0,0,589,11.877,3.083,0.508,-0.18,0.688,0.236,0.076
380,2,906.7128120032996,0,0,562,11.878,3.116,0.493,-0.132,0.69,0.24,0.069
380,3,890.309153685921,0,1,572,12.057,3.101,0.486,-0.212,0.682,0.25,0.068
380,4,1108.4852604848193,0,1,543,12.119,3.109,0.505,-0.204,0.689,0.25,0.061
381,1,1130.753231047036,1,0,1461,11.126,2.952,0.604,0.417,0.576,0.358,0.066
381,2,1245.835780287481,1,0,1404,11.165,2.942,0.594,0.373,0.588,0.347,0.065
381,3,1574.1877481497454,1,1,1318,11.238,2.969,0.595,0.356,0.586,0.347,0.066
381,4,1680.8589943753104,1,1,1323,11.294,2.971,0.58,0.229,0.592,0.345,0.063
382,1,953.0757155148887,1,0,1140,11.218,3.024,0.568,0.113,0.84,0.085,0.075
382,2,1220.0551961606818,1,0,1179,11.234,3.041,0.569,0.103,0.843,0.08,0.077
382,3,1426.3690040610793,1,1,1171,11.315,3.049,0.567,0.043,0.835,0.084,0.081
382,4,1672.8169454643312,1,1,1147,11.387,3.031,0.557,-0.014,0.833,0.087,0.08
383,1,639.5326465992281,1,0,737,11.55,3.045,0.531,0.071,0.765,0.134,0.1
383,2,806.8411086816147,1,0,756,11.601,2.997,0.529,0.076,0.759,0.138,0.103
383,3,1066.935010675564,1,1,759,11.595,3.014,0.531,0.04,0.755,0.133,0.112
383,4,1422.8725572061535,1,1,723,11.546,2.999,0.537,0.047,0.758,0.131,0.111
384,1,1478.7612367048207,0,0,121,11.347,3.19,0.603,0.473,0.744,0.174,0.083
384,2,1167.3705617859307,0,0,116,11.045,3.267,0.586,0.402,0.767,0.155,0.078
384,3,1417.4080329148344,0,1,123,11.312,3.187,0.569,0.306,0.797,0.13,0.073
384,4,1512.7191157094164,0,1,126,11.332,3.238,0.516,0.17,0.794,0.127,0.079
385,1,721.8689062667665,0,0,540,11.748,3.124,0.489,-0.263,0.743,0.154,0.104
385,2,803.724329430554,0,0,530,11.721,3.117,0.492,-0.22,0.751,0.147,0.102
385,3,877.6319094436769,0,1,541,11.742,3.148,0.519,-0.174,0.762,0.146,0.092
385,4,967.0317052490918,0,1,518,11.666,3.149,0.521,-0.173,0.776,0.135,0.089
386,1,797.6909109812184,1,0,1310,11.685,3.024,0.495,-0.136,0.598,0.316,0.085
386,2,956.1957147627913,1,0,1273,11.709,3.008,0.485,-0.155,0.595,0.317,0.088
386,3,997.315142079846,1,1,1261,11.753,2.986,0.485,-0.166,0.596,0.315,0.089
386,4,1174.6781456987635,1,1,1207,11.717,2.969,0.476,-0.215,0.602,0.312,0.086
387,1,947.0459030613424,0,0,525,11.341,3.09,0.621,0.321,0.571,0.261,0.168
387,2,950.7399388711067,0,0,530,11.319,3.049,0.602,0.255,0.57,0.257,0.174
387,3,1287.2598000193664,0,1,502,11.403,3.04,0.625,0.257,0.574,0.249,0.177
387,4,1362.777623712112,0,1,490,11.579,3.047,0.614,0.184,0.559,0.257,0.184
388,1,808.8336376681356,1,0,1250,11.235,3.04,0.538,0.09,0.722,0.234,0.044
388,2,1130.0251895538222,1,0,1244,11.294,3.066,0.529,0.061,0.724,0.232,0.044
388,3,1153.0561667711743,1,1,1273,11.289,3.069,0.532,0.032,0.731,0.225,0.044
388,4,1415.5921858232289,1,1,1223,11.374,3.055,0.531,0.02,0.733,0.222,0.045
389,1,926.6804987447124,0,0,408,10.937,3.074,0.593,0.304,0.909,0.056,0.034
389,2,1074.4006644177896,0,0,424,10.98,3.052,0.568,0.285,0.908,0.057,0.035
389,3,1329.4683333938128,0,1,394,11.018,3.053,0.584,0.273,0.906,0.061,0.033
389,4,1389.435591985684,0,1,435,10.981,3.034,0.568,0.15,0.901,0.067,0.032
390,1,909.8463964871221,0,0,1541,11.133,3.025,0.6,0.283,0.729,0.238,0.033
390,2,1056.592950443826,0,0,1533,11.242,3.032,0.587,0.224,0.725,0.239,0.036
390,3,1227.2462281088947,0,1,1479,11.306,3.039,0.577,0.16,0.722,0.24,0.038
390,4,1340.26004591253,0,1,1439,11.359,3.01,0.571,0.108,0.716,0.247,0.038
391,1,768.9636597000891,0,0,345,12.13,2.864,0.435,-0.507,0.58,0.322,0.099
391,2,780.3842598662263,0,0,347,12.001,2.911,0.444,-0.459,0.571,0.337,0.092
391,3,971.2105721978036,0,1,333,11.926,2.934,0.447,-0.405,0.592,0.306,0.102
391,4,1155.8533368416438,0,1,322,11.758,2.894,0.457,-0.382,0.584,0.311,0.106
392,1,786.3730800472379,0,0,1804,11.962,2.975,0.481,-0.226,0.754,0.181,0.065
392,2,899.3191910442387,0,0,1864,11.873,2.969,0.469,-0.215,0.749,0.182,0.069
392,3,991.593390758535,0,1,1910,11.819,2.982,0.475,-0.207,0.746,0.183,0.071
392,4,1172.692005844685,0,1,1863,11.847,2.967,0.468,-0.249,0.752,0.183,0.065
393,1,913.2152204464412,1,0,1016,11.62,2.932,0.508,-0.124,0.59,0.299,0.111
393,2,1038.5595372148416,1,0,984,11.8,2.949,0.502,-0.142,0.598,0.29,0.113
393,3,1119.1847941454746,1,1,956,11.809,2.963,0.503,-0.166,0.598,0.286,0.116
393,4,1130.2837550724862,1,1,1050,11.834,2.988,0.5,-0.225,0.618,0.278,0.104
394,1,802.1628603103687,1,0,408,11.659,2.904,0.505,-0.172,0.657,0.203,0.14
394,2,1266.640999864976,1,0,429,11.701,2.909,0.508,-0.147,0.655,0.198,0.147
394,3,1344.0904573281296,1,1,423,11.699,2.934,0.513,-0.15,0.645,0.213,0.142
394,4,1350.1427194072498,1,1,418,11.668,3.012,0.51,-0.117,0.66,0.208,0.132
395,1,860.4589986300495,0,0,864,11.487,3.019,0.557,0.071,0.784,0.145,0.072
395,2,1099.8825043529264,0,0,857,11.623,3,0.574,0.06,0.777,0.153,0.07
395,3,1286.7679107429271,0,1,811,11.642,2.991,0.573,0.043,0.785,0.15,0.064
395,4,1449.3495072972346,0,1,777,11.572,2.978,0.573,0.012,0.789,0.152,0.059
396,1,937.8305883702177,0,0,319,10.626,3.009,0.583,0.618,0.796,0.176,0.028
396,2,1294.3524550891934,0,0,321,10.593,2.991,0.583,0.569,0.785,0.19,0.025
396,3,1562.701856365726,0,1,336,10.813,2.994,0.571,0.42,0.798,0.173,0.03
396,4,1691.086906222092,0,1,360,10.915,2.961,0.589,0.246,0.789,0.181,0.031
397,1,656.5767561029579,1,0,615,11.657,3.106,0.528,-0.011,0.75,0.208,0.042
397,2,1005.1784826458986,1,0,603,11.593,3.091,0.534,-0.02,0.75,0.204,0.046
397,3,1245.8560428540588,1,1,569,11.585,3.111,0.543,-0.008,0.75,0.2,0.049
397,4,1338.477654227301,1,1,543,11.563,3.094,0.54,-0.04,0.746,0.208,0.046
398,1,798.506242050721,0,0,291,12.235,3.052,0.512,-0.112,0.818,0.096,0.086
398,2,821.4937754034921,0,0,276,12.013,3.076,0.511,-0.149,0.819,0.101,0.08
398,3,890.5986375939652,0,1,295,12.17,3.125,0.532,-0.158,0.817,0.108,0.075
398,4,996.1406155293241,0,1,304,12.467,3.112,0.526,-0.189,0.822,0.102,0.076
399,1,1026.0078737728782,1,0,549,11.423,3.073,0.59,0.146,0.625,0.271,0.104
399,2,1233.2734233834467,1,0,519,11.343,3.052,0.592,0.178,0.617,0.281,0.102
399,3,1114.7786522285783,1,1,515,11.627,3.037,0.575,-0.021,0.627,0.278,0.095
399,4,1251.0327627254594,1,1,523,11.864,3.092,0.566,-0.071,0.62,0.281,0.099
400,1,680.2095207107907,0,0,1141,11.792,3.001,0.549,-0.139,0.613,0.314,0.074
400,2,934.2432590451164,0,0,1195,11.822,3.004,0.553,-0.136,0.602,0.317,0.081
400,3,1053.1991409893405,0,1,1137,11.724,3,0.544,-0.159,0.592,0.318,0.09
400,4,1115.7897444590806,0,1,1153,11.858,2.964,0.541,-0.176,0.597,0.317,0.086
401,1,951.6765546928043,0,0,551,11.458,2.895,0.501,0.051,0.695,0.25,0.054
401,2,1205.7452211826508,0,0,571,11.376,2.902,0.51,0.049,0.711,0.243,0.046
401,3,1292.2298695220402,0,1,561,11.417,2.922,0.524,0.021,0.706,0.242,0.052
401,4,1244.3110084290417,0,1,579,11.613,2.931,0.511,-0.069,0.687,0.257,0.055
402,1,683.9196958506644,0,0,181,11.466,3.072,0.564,-0.096,0.768,0.072,0.16
402,2,861.4379038361071,0,0,200,11.48,3.05,0.56,-0.067,0.775,0.065,0.16
402,3,1068.185819667717,0,1,219,11.687,3.037,0.53,-0.174,0.776,0.055,0.169
402,4,1130.7050860766722,0,1,240,12.001,2.954,0.504,-0.31,0.783,0.067,0.15
403,1,772.3335947677334,1,0,327,11.806,3.034,0.56,-0.014,0.737,0.202,0.061
403,2,1069.1801729081478,1,0,332,11.921,3.06,0.536,-0.036,0.732,0.205,0.063
403,3,1356.2466228512515,1,1,345,12.047,3.101,0.516,-0.115,0.745,0.183,0.072
403,4,1375.0787319747026,1,1,335,12.076,3.06,0.499,-0.158,0.752,0.179,0.069
404,1,640.920100331314,0,0,189,11.551,2.942,0.492,-0.019,0.799,0.164,0.037
404,2,745.2797981687364,0,0,178,11.642,2.904,0.5,0.028,0.792,0.169,0.039
404,3,981.9317809905127,0,1,187,11.707,2.979,0.497,-0.022,0.775,0.187,0.037
404,4,1172.9818101739838,0,1,182,11.826,2.945,0.516,-0.013,0.786,0.17,0.044
405,1,792.1843714801353,0,0,392,11.27,2.875,0.559,0.274,0.763,0.112,0.125
405,2,976.7273272904268,0,0,481,11.223,2.948,0.555,0.212,0.757,0.112,0.131
405,3,1250.2215879105715,0,1,483,11.314,2.99,0.559,0.162,0.739,0.116,0.145
405,4,1259.3092866083125,0,1,485,11.502,2.992,0.561,0.084,0.734,0.113,0.153
406,1,878.5190177735938,1,0,1142,11.159,3.032,0.553,0.126,0.702,0.18,0.118
406,2,1126.6124292032462,1,0,1146,11.139,3.026,0.555,0.115,0.704,0.184,0.112
406,3,1435.7147758982812,1,1,1157,11.204,3.031,0.547,0.092,0.704,0.186,0.11
406,4,1503.5002390476263,1,1,1172,11.257,3.033,0.541,0.032,0.706,0.179,0.114
407,1,683.6000725792475,0,0,435,12,3.055,0.455,-0.343,0.416,0.287,0.297
407,2,952.3827830497914,0,0,416,11.774,3.048,0.469,-0.294,0.428,0.269,0.303
407,3,867.3871214818743,0,1,440,11.891,3.052,0.461,-0.366,0.42,0.273,0.307
407,4,868.3046782108158,0,1,426,11.706,3.014,0.46,-0.361,0.408,0.279,0.312
408,1,887.6663121740431,1,0,678,11.442,2.988,0.572,0.106,0.683,0.265,0.052
408,2,1198.5061924728138,1,0,663,11.508,2.989,0.566,0.095,0.68,0.271,0.048
408,3,1196.3681381490137,1,1,643,11.42,2.998,0.56,0.064,0.666,0.286,0.048
408,4,1432.0025743043127,1,1,718,11.453,2.955,0.565,-0.018,0.669,0.284,0.047
409,1,703.2012396846461,0,0,446,11.357,3.036,0.522,0.044,0.836,0.112,0.052
409,2,920.0400611653822,0,0,459,11.522,3.061,0.508,-0.02,0.85,0.105,0.046
409,3,1160.4927980133525,0,1,466,11.443,3.079,0.504,-0.036,0.841,0.109,0.049
409,4,1218.4294263667489,0,1,456,11.397,3.022,0.502,-0.048,0.836,0.116,0.048
410,1,644.807811517178,0,0,230,11.623,3.052,0.574,-0.06,0.548,0.417,0.035
410,2,814.0405971921627,0,0,222,11.649,3.081,0.595,-0.021,0.554,0.405,0.041
410,3,1012.3616692821679,0,1,230,11.512,3.074,0.6,-0.019,0.535,0.43,0.035
410,4,1395.1820759581146,0,1,235,11.369,3.089,0.609,-0.107,0.549,0.413,0.038
411,1,962.010729780714,0,0,478,10.725,2.967,0.663,0.616,0.54,0.391,0.069
411,2,1227.3777265442823,0,0,445,10.821,2.957,0.658,0.59,0.533,0.398,0.07
411,3,1375.4999024377812,0,1,432,11.046,3,0.632,0.467,0.521,0.407,0.072
411,4,1654.3985316730902,0,1,429,11,3.03,0.629,0.39,0.527,0.394,0.079
412,1,765.3565489351296,1,0,894,11.611,2.936,0.517,-0.129,0.742,0.185,0.074
412,2,997.9471618727332,1,0,930,11.561,2.915,0.527,-0.093,0.743,0.18,0.077
412,3,1306.5546379518487,1,1,944,11.581,2.943,0.525,-0.079,0.737,0.184,0.078
412,4,1380.1857647479724,1,1,917,11.555,2.896,0.529,-0.068,0.742,0.181,0.077
413,1,832.8992992551523,1,0,1543,12.179,2.889,0.458,-0.357,0.756,0.161,0.083
413,2,937.6213648953876,1,0,1509,11.94,2.892,0.47,-0.31,0.767,0.151,0.082
413,3,1098.9795387957124,1,1,1488,12.001,2.901,0.467,-0.364,0.767,0.149,0.084
413,4,1248.867212462105,1,1,1501,11.878,2.92,0.472,-0.36,0.771,0.15,0.079
414,1,755.1606517775002,1,0,678,11.958,3.032,0.487,-0.272,0.726,0.142,0.133
414,2,880.1652811067187,1,0,685,12.185,3.063,0.488,-0.338,0.718,0.139,0.143
414,3,968.9172868394555,1,1,691,12.189,3.041,0.493,-0.32,0.721,0.145,0.135
414,4,1129.3366328917502,1,1,684,12.045,3.091,0.497,-0.325,0.715,0.139,0.146
415,1,1295.4419751371447,1,0,121,10.614,2.959,0.645,0.61,0.711,0.19,0.099
415,2,1113.3614944222209,1,0,124,10.562,2.952,0.653,0.528,0.734,0.185,0.081
415,3,1585.0285894899603,1,1,117,10.951,2.872,0.59,0.383,0.735,0.188,0.077
415,4,1652.670901832036,1,1,128,11.148,2.93,0.547,0.162,0.734,0.172,0.094
416,1,829.1436173118522,0,0,478,11.643,3.136,0.473,-0.217,0.745,0.188,0.067
416,2,816.1550487391352,0,0,470,11.645,3.115,0.496,-0.201,0.755,0.177,0.068
416,3,923.6091236803228,0,1,469,11.667,3.047,0.497,-0.218,0.778,0.16,0.062
416,4,997.5318573720773,0,1,492,11.564,3.047,0.502,-0.206,0.78,0.154,0.065
417,1,744.8229011685294,0,0,411,11.717,3.088,0.569,0.181,0.623,0.263,0.114
417,2,1140.8990290406255,0,0,398,11.752,3.008,0.563,0.141,0.616,0.269,0.116
417,3,1237.7908490812677,0,1,379,11.552,3.034,0.567,0.133,0.607,0.274,0.119
417,4,1462.3954910829452,0,1,354,11.62,2.989,0.568,0.122,0.602,0.28,0.119
418,1,1169.4796957223439,0,0,232,11.239,2.845,0.582,0.317,0.733,0.228,0.039
418,2,1102.7154578829256,0,0,238,11.057,2.794,0.555,0.252,0.744,0.218,0.038
418,3,1414.9559180845297,0,1,223,10.859,2.816,0.547,0.279,0.744,0.215,0.04
418,4,1748.5628491995315,0,1,240,10.643,2.862,0.533,0.223,0.725,0.233,0.042
419,1,703.1139019607143,0,0,276,11.15,2.902,0.551,0.197,0.815,0.062,0.123
419,2,1264.7701517267478,0,0,265,11.033,2.872,0.558,0.232,0.815,0.064,0.121
419,3,1418.3028132423692,0,1,277,11.328,2.935,0.513,0.124,0.812,0.076,0.112
419,4,1415.7025112940626,0,1,266,11.351,2.932,0.492,0.07,0.805,0.079,0.117
420,1,886.9944778708716,0,0,477,11.354,3.004,0.566,0.223,0.553,0.294,0.153
420,2,1079.3279010257315,0,0,553,11.227,2.948,0.562,0.25,0.566,0.286,0.148
420,3,1400.6264399007941,0,1,541,11.24,2.935,0.567,0.217,0.575,0.275,0.15
420,4,1653.9317658387781,0,1,521,11.291,2.933,0.541,0.043,0.582,0.273,0.146
421,1,978.5599419597469,0,0,757,11.01,3.024,0.608,0.294,0.631,0.25,0.119
421,2,1188.4928577242563,0,0,738,11.095,3.057,0.603,0.247,0.636,0.237,0.127
421,3,1407.695170523457,0,1,726,11.12,3.041,0.59,0.195,0.64,0.231,0.128
421,4,1607.9863389131135,0,1,757,11.179,3.102,0.573,0.117,0.645,0.234,0.122
422,1,815.6125945863694,1,0,314,11.42,2.962,0.535,0.096,0.694,0.204,0.102
422,2,996.4347362811968,1,0,329,11.545,2.991,0.541,0.047,0.663,0.225,0.112
422,3,1045.088308584927,1,1,317,11.672,2.956,0.549,0.038,0.666,0.227,0.107
422,4,1250.947418196618,1,1,314,11.614,2.943,0.535,-0.035,0.672,0.223,0.105
423,1,887.9918592637364,0,0,1803,11.324,3.002,0.589,0.229,0.716,0.179,0.105
423,2,1169.6554354788652,0,0,1783,11.472,3.002,0.58,0.163,0.714,0.177,0.109
423,3,1287.6025338479733,0,1,1682,11.458,2.993,0.577,0.165,0.716,0.178,0.105
423,4,1372.5143636728496,0,1,1683,11.475,2.976,0.559,0.082,0.714,0.184,0.102
424,1,846.4823212938849,1,0,678,11.601,2.991,0.532,-0.058,0.758,0.202,0.04
424,2,1007.5280254264172,1,0,691,11.618,2.986,0.53,-0.06,0.768,0.197,0.035
424,3,1101.5018981141127,1,1,659,11.68,3.017,0.528,-0.063,0.759,0.211,0.03
424,4,1379.6017617156808,1,1,671,11.634,3.036,0.537,-0.083,0.77,0.197,0.033
425,1,574.8291131469726,1,0,718,13.126,3.078,0.376,-1.114,0.818,0.121,0.061
425,2,732.2453425364226,1,0,733,13.057,3.05,0.408,-0.966,0.827,0.109,0.064
425,3,646.8206256886245,1,1,722,13.02,3.018,0.421,-0.913,0.831,0.101,0.068
425,4,723.8607960489394,1,1,727,12.929,3.036,0.432,-0.844,0.823,0.106,0.072
426,1,766.1667200046728,0,0,376,12.139,2.862,0.468,-0.431,0.66,0.207,0.133
426,2,909.2298620082927,0,0,394,12.146,2.896,0.472,-0.32,0.66,0.193,0.147
426,3,1114.123501123347,0,1,402,11.982,2.888,0.463,-0.295,0.657,0.177,0.167
426,4,1044.822184178933,0,1,403,12.006,2.931,0.457,-0.326,0.672,0.164,0.164
427,1,986.139896760135,1,0,281,11.789,2.854,0.527,0.009,0.537,0.367,0.096
427,2,1380.417093171486,1,0,286,11.707,2.864,0.538,0.05,0.521,0.395,0.084
427,3,1195.879866515163,1,1,290,11.905,2.821,0.531,0.003,0.528,0.39,0.083
427,4,1377.3346210064294,1,1,295,12.283,2.858,0.532,-0.203,0.539,0.39,0.071
428,1,1053.6657726030144,0,0,560,11.115,2.982,0.582,0.25,0.339,0.373,0.288
428,2,1185.491039180242,0,0,586,11.002,3.017,0.602,0.252,0.346,0.375,0.278
428,3,1553.4861480434306,0,1,603,10.915,2.973,0.599,0.22,0.348,0.368,0.284
428,4,1594.7923148933503,0,1,594,11.103,2.985,0.594,0.156,0.352,0.379,0.269
429,1,1343.4567061801547,0,0,142,10.233,3.014,0.669,0.553,0.57,0.31,0.12
429,2,1158.2019808725915,0,0,136,10.236,3.074,0.676,0.547,0.588,0.294,0.118
429,3,1307.7389341052194,0,1,129,10.265,3.008,0.636,0.445,0.581,0.302,0.116
429,4,1423.2853488194178,0,1,127,10.431,3.008,0.622,0.34,0.591,0.291,0.118
430,1,979.1675730085656,0,0,162,10.906,2.926,0.568,0.392,0.574,0.284,0.142
430,2,1117.9503483493136,0,0,152,10.911,2.875,0.586,0.395,0.579,0.27,0.151
430,3,1313.3603921943832,0,1,158,11.069,2.968,0.557,0.257,0.582,0.278,0.139
430,4,1387.5013645128415,0,1,157,11.002,2.962,0.573,0.255,0.605,0.255,0.14
431,1,902.0575242936411,1,0,550,11.575,2.951,0.56,0.201,0.764,0.207,0.029
431,2,1151.3963145684197,1,0,530,11.544,2.945,0.551,0.174,0.775,0.196,0.028
431,3,1298.4557383634656,1,1,506,11.493,2.974,0.555,0.157,0.769,0.204,0.028
431,4,1604.232741909182,1,1,499,11.624,2.958,0.559,0.052,0.784,0.188,0.028
432,1,1242.593845591607,1,0,301,11.985,2.99,0.601,0.344,0.794,0.113,0.093
432,2,1372.622288410772,1,0,296,11.81,3.003,0.601,0.33,0.804,0.105,0.091
432,3,1582.4402523736092,1,1,297,11.909,2.983,0.582,0.155,0.791,0.121,0.088
432,4,1536.4243039067428,1,1,305,11.828,2.99,0.557,0.066,0.797,0.115,0.089
433,1,760.9235221697809,0,0,354,11.449,2.884,0.463,-0.25,0.692,0.169,0.138
433,2,885.711763469365,0,0,388,11.501,2.887,0.469,-0.209,0.675,0.17,0.155
433,3,972.6715156899767,0,1,372,11.312,2.952,0.457,-0.217,0.688,0.159,0.153
433,4,1013.4786179014267,0,1,380,11.153,2.913,0.479,-0.215,0.692,0.174,0.134
434,1,615.6472590100542,0,0,327,11.855,2.982,0.523,0.104,0.758,0.159,0.083
434,2,834.0214882593291,0,0,339,11.783,2.953,0.528,0.097,0.773,0.139,0.088
434,3,1125.0483043665797,0,1,326,11.882,2.982,0.528,0.096,0.764,0.144,0.092
434,4,1456.6337566692423,0,1,321,11.725,2.913,0.548,0.039,0.76,0.137,0.103
435,1,1081.2620254291653,1,0,338,11.385,3.109,0.53,0.108,0.654,0.257,0.089
435,2,1140.5605096722509,1,0,363,11.461,3.212,0.526,-0.007,0.645,0.251,0.105
435,3,1113.5120394612095,1,1,384,11.592,3.237,0.513,-0.056,0.643,0.255,0.102
435,4,1305.7044347352517,1,1,399,11.505,3.195,0.499,-0.097,0.644,0.256,0.1
436,1,757.89400761792194,0,0,576,11.109,3.033,0.528,-0.009,0.618,0.233,0.149
436,2,938.3206520924718,0,0,568,11.134,3.018,0.526,0.026,0.623,0.225,0.151
436,3,1109.515066651728,0,1,567,11.25,3.023,0.529,-0.024,0.623,0.226,0.152
436,4,1535.1656859342766,0,1,544,11.198,3.018,0.537,-0.046,0.632,0.217,0.151
437,1,916.3999588060275,0,0,188,11.628,3.207,0.495,-0.064,0.824,0.106,0.069
437,2,1260.8661275831473,0,0,186,11.697,3.172,0.505,-0.063,0.812,0.113,0.075
437,3,1456.9183488071556,0,1,190,11.692,3.132,0.505,-0.094,0.805,0.126,0.068
437,4,1427.284433690348,0,1,188,11.902,3.112,0.505,-0.147,0.793,0.149,0.059
438,1,968.110749364,0,0,820,11.673,2.989,0.512,-0.096,0.783,0.154,0.063
438,2,887.0796250817128,0,0,818,11.727,2.933,0.522,-0.109,0.773,0.161,0.066
438,3,935.9546261592957,0,1,804,11.708,2.873,0.505,-0.192,0.772,0.159,0.068
438,4,1112.24590027506,0,1,777,11.801,2.898,0.492,-0.228,0.777,0.154,0.068
439,1,777.0685694544927,1,0,139,12.159,2.957,0.583,0.134,0.705,0.259,0.036
439,2,1228.9838394485325,1,0,140,12.136,2.964,0.593,0.141,0.729,0.236,0.036
439,3,1395.8238293769562,1,1,129,12.173,2.837,0.581,0.206,0.713,0.24,0.047
439,4,1608.0030200052297,1,1,141,12.043,2.865,0.582,0.199,0.745,0.22,0.035
440,1,947.1064414324708,1,0,241,10.56,2.996,0.643,0.431,0.747,0.22,0.033
440,2,1167.2626899550478,1,0,235,10.63,2.923,0.643,0.342,0.736,0.226,0.038
440,3,1709.5033097764929,1,1,260,10.839,2.962,0.635,0.211,0.731,0.231,0.038
440,4,1778.724702792103,1,1,284,11.124,2.905,0.634,0.081,0.725,0.239,0.035
441,1,845.2893787354433,1,0,1462,11.147,3.053,0.558,0.139,0.793,0.148,0.059
441,2,947.6132224661466,1,0,1423,11.181,3.034,0.557,0.115,0.789,0.149,0.062
441,3,1233.0789100802635,1,1,1358,11.233,3.035,0.555,0.095,0.79,0.149,0.06
441,4,1406.3792797155445,1,1,1398,11.379,3.001,0.543,-0.02,0.797,0.147,0.057
442,1,921.06024798045,1,0,662,11.457,3.036,0.547,0.005,0.633,0.204,0.163
442,2,1109.0627825580518,1,0,657,11.416,3.052,0.537,-0.009,0.619,0.21,0.17
442,3,1303.0411365537404,1,1,632,11.56,3.059,0.54,-0.009,0.611,0.215,0.174
442,4,1459.409987887819,1,1,631,11.487,3.051,0.558,-0.004,0.59,0.222,0.189
443,1,808.6830132582722,0,0,254,11.61,3.094,0.555,0.123,0.795,0.142,0.063
443,2,919.8820192053463,0,0,282,11.735,3.043,0.564,-0,0.78,0.16,0.06
443,3,1063.32690273794,0,1,307,11.724,2.987,0.537,-0.112,0.782,0.153,0.065
443,4,1291.2724527764938,0,1,324,11.881,3.009,0.528,-0.233,0.772,0.167,0.062
444,1,747.7814672433611,0,0,332,11.5,2.801,0.488,-0.005,0.557,0.292,0.151
444,2,885.2008418577361,0,0,336,11.521,2.86,0.464,-0.072,0.56,0.283,0.158
444,3,852.6309077017652,0,1,389,11.413,2.879,0.501,-0.084,0.537,0.306,0.157
444,4,1304.4339225313668,0,1,369,11.693,2.924,0.491,-0.113,0.542,0.304,0.154
445,1,860.79714996587,0,0,2284,11.382,3.028,0.572,0.18,0.61,0.246,0.144
445,2,1088.911098562921,0,0,2163,11.495,2.989,0.565,0.14,0.616,0.245,0.14
445,3,1233.4220842670325,0,1,2208,11.738,2.993,0.54,-0.016,0.622,0.238,0.14
445,4,1400.9425799732599,0,1,2133,11.679,2.984,0.537,-0.043,0.621,0.24,0.139
446,1,562.070616853946,0,0,78,11.492,3.397,0.513,-0.099,0.756,0.179,0.064
446,2,760.6906552427364,0,0,83,11.261,3.229,0.494,-0.134,0.747,0.193,0.06
446,3,645.0589197385334,0,1,87,11.621,3.195,0.494,-0.164,0.724,0.195,0.08
446,4,927.3422869455992,0,1,106,11.393,3.151,0.519,-0.195,0.708,0.208,0.085
447,1,982.3002260467161,1,0,3722,11.357,3.016,0.556,0.148,0.724,0.175,0.101
447,2,1189.3083017206434,1,0,3648,11.348,3.02,0.559,0.15,0.721,0.177,0.102
447,3,1201.9995587091291,1,1,3476,11.31,3.019,0.558,0.143,0.72,0.175,0.105
447,4,1372.2274618229706,1,1,3316,11.383,3.011,0.551,0.1,0.726,0.173,0.101
448,1,880.7497474956972,0,0,539,11.228,3.004,0.571,0.195,0.833,0.122,0.045
448,2,1216.5580405179098,0,0,550,11.366,2.989,0.56,0.136,0.835,0.118,0.047
448,3,1433.9568359790255,0,1,525,11.187,2.983,0.577,0.161,0.834,0.118,0.048
448,4,1518.303381667492,0,1,588,11.39,3.017,0.553,0.034,0.827,0.117,0.056
449,1,1049.4561450874542,1,0,188,11.4,2.989,0.527,-0.04,0.851,0.117,0.032
449,2,1022.5151552325283,1,0,206,11.339,2.927,0.558,-0.033,0.854,0.112,0.034
449,3,1398.982951061916,1,1,219,11.22,2.881,0.575,-0.06,0.845,0.105,0.05
449,4,1578.272321782244,1,1,234,11.331,2.91,0.547,-0.062,0.833,0.115,0.051
450,1,812.4823118295446,0,0,236,11.164,2.881,0.555,0.114,0.619,0.297,0.085
450,2,895.8449907827803,0,0,243,11.249,2.905,0.56,0.095,0.601,0.313,0.086
450,3,1107.2318837160094,0,1,249,11.519,2.851,0.55,0.003,0.618,0.297,0.084
450,4,1117.52407044873,0,1,238,11.638,2.798,0.559,-0.043,0.613,0.303,0.084
451,1,781.168522345461,0,0,735,11.14,3.011,0.565,0.2,0.471,0.261,0.268
451,2,970.5173996623175,0,0,714,11.092,3.01,0.577,0.251,0.469,0.266,0.265
451,3,1303.5758235409487,0,1,692,11.069,3.048,0.581,0.234,0.467,0.273,0.26
451,4,1587.7440391628445,0,1,699,11.123,3.077,0.572,0.164,0.461,0.276,0.263
452,1,1040.8170542901614,1,0,561,12.474,2.954,0.481,-0.047,0.763,0.116,0.121
452,2,1165.0570793358486,1,0,555,12.178,2.942,0.488,-0.04,0.773,0.114,0.114
452,3,1335.3211553433737,1,1,557,12.228,2.932,0.481,-0.06,0.774,0.117,0.11
452,4,1422.502086589676,1,1,583,12.234,2.935,0.487,-0.143,0.774,0.115,0.111
453,1,708.1145123023294,0,0,279,12.102,2.953,0.473,-0.359,0.527,0.276,0.197
453,2,961.8635916937413,0,0,279,12.07,2.986,0.462,-0.391,0.502,0.287,0.211
453,3,985.7535913650164,0,1,273,12.172,3.033,0.451,-0.41,0.498,0.286,0.216
453,4,946.5330286811553,0,1,286,12.208,3.003,0.455,-0.365,0.497,0.273,0.231
454,1,899.6007179273207,0,0,466,10.956,2.979,0.609,0.289,0.852,0.092,0.056
454,2,1051.9908941416793,0,0,487,10.944,3.033,0.612,0.264,0.846,0.092,0.062
454,3,1140.4820152396896,0,1,481,11.057,3.029,0.601,0.212,0.838,0.098,0.064
454,4,1264.7199609222396,0,1,499,11.15,3.038,0.587,0.145,0.838,0.092,0.07
455,1,777.1946536105668,0,0,701,11.619,3.05,0.555,0.117,0.638,0.287,0.076
455,2,1000.7017014147162,0,0,705,11.507,3.028,0.545,0.124,0.63,0.301,0.07
455,3,1292.8654118381241,0,1,690,11.501,3,0.533,0.058,0.642,0.297,0.061
455,4,1360.2777244557988,0,1,679,11.575,3.01,0.517,-0.01,0.645,0.296,0.059
456,1,678.5262900671778,0,0,61,11.876,3.098,0.59,0.251,0.803,0.164,0.033
456,2,1178.6096101687049,0,0,69,11.926,3.13,0.58,0.184,0.826,0.145,0.029
456,3,1049.0301519109114,0,1,67,11.676,3.179,0.597,0.177,0.836,0.119,0.045
456,4,1312.1598077106746,0,1,70,11.688,3.057,0.6,0.09,0.857,0.114,0.029
457,1,761.8882201493956,1,0,562,11.936,2.952,0.523,0.02,0.754,0.151,0.094
457,2,936.3373056651288,1,0,557,11.857,2.969,0.526,0.003,0.75,0.156,0.093
457,3,1080.4395208368342,1,1,611,11.806,3.003,0.516,-0.054,0.733,0.157,0.11
457,4,1081.442476641385,1,1,695,11.817,3.029,0.529,-0.114,0.734,0.151,0.115
458,1,807.3717719873214,0,0,1097,11.19,2.941,0.556,0.132,0.888,0.063,0.049
458,2,1136.5491134991305,0,0,1100,11.146,2.952,0.566,0.108,0.89,0.061,0.049
458,3,1131.7089891490675,0,1,1256,11.345,2.965,0.576,0.089,0.879,0.068,0.053
458,4,1445.0919952695388,0,1,1232,11.464,2.981,0.565,0.038,0.873,0.071,0.056
459,1,655.8927037458552,0,0,153,11.798,2.804,0.503,-0.05,0.778,0.118,0.105
459,2,730.1039686029991,0,0,157,11.652,2.726,0.497,-0.029,0.771,0.134,0.096
459,3,897.6478948967028,0,1,168,11.348,2.756,0.482,-0.002,0.762,0.137,0.101
459,4,1029.1779315831388,0,1,157,11.547,2.803,0.484,-0.019,0.745,0.153,0.102
460,1,854.3550131864679,0,0,617,11.248,2.942,0.494,-0.049,0.802,0.088,0.11
460,2,794.6624426574214,0,0,640,11.294,2.919,0.494,-0.101,0.791,0.098,0.111
460,3,921.7689729690242,0,1,621,11.44,2.955,0.477,-0.134,0.795,0.097,0.108
460,4,1015.8163569909474,0,1,597,11.513,2.951,0.467,-0.168,0.804,0.092,0.104
461,1,1228.6059714041412,1,0,300,11.714,3.037,0.497,-0.075,0.963,0.017,0.02
461,2,1106.604167074263,1,0,312,11.729,2.965,0.497,-0.104,0.955,0.019,0.026
461,3,1188.973290547842,1,1,322,11.676,3.012,0.531,-0.108,0.953,0.022,0.025
461,4,1631.0391260645868,1,1,354,11.691,3.034,0.508,-0.226,0.949,0.028,0.023
462,1,948.0934798257257,0,0,1542,11.252,3.021,0.561,0.115,0.547,0.309,0.143
462,2,1055.4528537813085,0,0,1502,11.22,3.007,0.56,0.135,0.537,0.315,0.148
462,3,1242.387417980758,0,1,1483,11.268,2.999,0.563,0.109,0.538,0.314,0.148
462,4,1433.3439907683128,0,1,1482,11.352,3.016,0.557,0.076,0.545,0.304,0.151
463,1,911.1078286670853,0,0,539,11.07,2.929,0.575,0.348,0.651,0.219,0.13
463,2,1155.0193683095445,0,0,544,11.155,2.932,0.561,0.286,0.649,0.224,0.127
463,3,1538.0331624241153,0,1,545,11.318,2.919,0.56,0.248,0.653,0.226,0.121
463,4,1616.9400980925682,0,1,620,11.438,2.908,0.561,0.154,0.655,0.226,0.119
464,1,973.3514226308176,0,0,820,10.979,3.004,0.61,0.365,0.879,0.029,0.091
464,2,1167.7553893034108,0,0,814,10.953,2.982,0.606,0.33,0.877,0.031,0.092
464,3,1369.601002562668,0,1,844,11.104,2.991,0.605,0.242,0.871,0.032,0.097
464,4,1599.0276479983643,0,1,792,11.115,2.97,0.605,0.232,0.87,0.032,0.098
465,1,738.6528066531828,1,0,1311,11.607,2.973,0.505,-0.209,0.759,0.163,0.078
465,2,899.4556357580004,1,0,1269,11.588,2.982,0.519,-0.198,0.765,0.156,0.079
465,3,1117.2741008684075,1,1,1253,11.595,2.994,0.507,-0.238,0.764,0.156,0.081
465,4,1347.3626116008115,1,1,1212,11.612,3.01,0.516,-0.233,0.759,0.159,0.082
466,1,1374.5822599130931,1,0,370,10.848,2.927,0.562,0.099,0.63,0.205,0.165
466,2,1029.9559963115812,1,0,381,10.888,2.982,0.543,0.047,0.633,0.202,0.165
466,3,1367.5499655213187,1,1,415,11.117,3.014,0.559,-0.001,0.622,0.217,0.161
466,4,1443.8810984713166,1,1,400,11.178,3.035,0.555,-0.077,0.618,0.212,0.17
467,1,684.4315156369056,1,0,799,11.569,2.997,0.517,-0.101,0.673,0.245,0.081
467,2,1123.8727901554857,1,0,854,11.412,2.966,0.521,-0.052,0.687,0.241,0.071
467,3,1207.0273871363122,1,1,823,11.557,2.971,0.512,-0.121,0.696,0.235,0.069
467,4,1292.2959924807565,1,1,842,11.668,2.931,0.489,-0.198,0.697,0.238,0.065
468,1,915.3398773476616,0,0,455,11.477,3.035,0.554,0.061,0.811,0.132,0.057
468,2,874.4612773763639,0,0,443,11.537,3.023,0.56,0.059,0.806,0.138,0.056
468,3,1153.5385009387628,0,1,445,11.487,3.027,0.578,0.054,0.793,0.151,0.056
468,4,1309.2145117609268,0,1,413,11.333,2.927,0.576,0.074,0.799,0.15,0.051
469,1,1302.3550792027215,0,0,314,11.108,2.86,0.672,0.541,0.752,0.172,0.076
469,2,1446.9817188823872,0,0,297,10.964,2.939,0.687,0.524,0.761,0.172,0.067
469,3,1285.2109965428808,0,1,293,11.055,2.966,0.666,0.4,0.758,0.167,0.075
469,4,1534.6148720115305,0,1,310,11.225,2.865,0.652,0.233,0.742,0.174,0.084
470,1,810.2174766058257,1,0,79,11.863,2.987,0.342,-0.722,0.722,0.253,0.025
470,2,1042.0791595445505,1,0,96,11.833,2.948,0.406,-0.621,0.792,0.188,0.021
470,3,1060.005861711621,1,1,96,11.575,3.146,0.417,-0.581,0.802,0.177,0.021
470,4,1366.5118926714588,1,1,94,11.557,3.16,0.415,-0.611,0.809,0.17,0.021
471,1,804.6692371989279,0,0,1542,11.161,2.928,0.562,0.155,0.663,0.243,0.094
471,2,1070.113985923782,0,0,1519,11.19,2.911,0.559,0.122,0.675,0.238,0.086
471,3,1123.9855545371963,0,1,1535,11.324,2.928,0.547,0.004,0.666,0.25,0.083
471,4,1248.2335674810465,0,1,1489,11.368,2.916,0.55,-0.013,0.663,0.255,0.082
472,1,813.7928417836782,0,0,841,11.825,3.005,0.51,-0.061,0.705,0.183,0.112
472,2,884.3202800649927,0,0,829,11.702,3.006,0.504,-0.029,0.698,0.191,0.111
472,3,1136.1993494386581,0,1,818,11.761,3.007,0.527,-0.041,0.699,0.189,0.111
472,4,1338.6698898160416,0,1,783,11.801,2.98,0.533,-0.059,0.705,0.181,0.114
473,1,833.4532046549009,0,0,495,11.467,3.154,0.58,0.074,0.671,0.232,0.097
473,2,1090.3280060498303,0,0,484,11.561,3.184,0.581,0.08,0.661,0.238,0.101
473,3,1322.7798999571753,0,1,485,11.35,3.188,0.596,0.087,0.666,0.237,0.097
473,4,1478.2899129451928,0,1,480,11.417,3.183,0.575,-0.022,0.671,0.235,0.094
474,1,877.5078212439668,1,0,549,11.583,2.933,0.541,0.004,0.455,0.344,0.2
474,2,1147.6522746525168,1,0,565,11.654,2.933,0.526,0.002,0.464,0.338,0.198
474,3,1526.1336500302814,1,1,573,11.639,2.972,0.511,-0.007,0.468,0.34,0.192
474,4,1666.0904327355606,1,1,560,11.772,2.925,0.518,-0.022,0.475,0.343,0.182
475,1,1178.8124464022012,0,0,173,11.125,3.006,0.601,0.318,0.555,0.22,0.225
475,2,1047.0159452355301,0,0,184,11.12,3.016,0.576,0.154,0.571,0.201,0.228
475,3,1288.4334893039425,0,1,188,11.005,2.995,0.569,0.156,0.59,0.213,0.197
475,4,1446.5576023940116,0,1,175,10.962,3.029,0.566,0.166,0.594,0.2,0.206
476,1,925.1457251908068,1,0,616,11.419,3.037,0.518,0.147,0.815,0.123,0.062
476,2,1164.5627292192432,1,0,589,11.475,3.014,0.514,0.143,0.817,0.121,0.063
476,3,1556.9356686176711,1,1,642,11.497,2.984,0.52,0.08,0.815,0.123,0.062
476,4,1378.7888606637157,1,1,652,11.451,3.015,0.512,0.043,0.821,0.121,0.058
477,1,825.8174896942244,0,0,2719,10.992,2.994,0.601,0.325,0.729,0.218,0.053
477,2,1148.0853204541957,0,0,2588,10.945,2.989,0.601,0.323,0.729,0.219,0.053
477,3,1244.4536719282792,0,1,2489,10.963,3.01,0.605,0.294,0.727,0.222,0.051
477,4,1301.027247774668,0,1,2671,11.144,3,0.586,0.155,0.727,0.221,0.052
478,1,1119.0350580786094,1,0,194,10.927,3.052,0.526,0.224,0.577,0.247,0.175
478,2,870.323643963816,1,0,271,11.457,3.1,0.472,-0.191,0.594,0.236,0.17
478,3,896.9942568993698,1,1,266,11.064,3.086,0.455,-0.178,0.59,0.229,0.18
478,4,1101.7693461916817,1,1,258,11.153,3.054,0.438,-0.235,0.585,0.229,0.186
479,1,978.4191044350986,1,0,1662,11.185,3.067,0.583,0.355,0.75,0.144,0.106
479,2,1229.1765765283544,1,0,1618,11.189,3.087,0.582,0.345,0.745,0.146,0.108
479,3,1466.1900236754966,1,1,1604,11.19,3.067,0.584,0.291,0.744,0.151,0.105
479,4,1609.8299106431355,1,1,1572,11.199,3.08,0.592,0.273,0.743,0.154,0.103
480,1,889.2313780191215,0,0,371,11.968,3.102,0.466,-0.265,0.792,0.121,0.086
480,2,898.1742162377163,0,0,402,11.702,3.162,0.478,-0.263,0.796,0.124,0.08
480,3,1052.7279596541875,0,1,404,11.668,3.136,0.478,-0.255,0.802,0.124,0.074
480,4,1057.5760412497568,0,1,386,11.785,3.158,0.484,-0.314,0.798,0.124,0.078
481,1,679.1608978711438,0,0,443,11.81,2.912,0.474,-0.38,0.483,0.305,0.212
481,2,875.2751741653058,0,0,471,11.642,2.928,0.484,-0.279,0.497,0.314,0.189
481,3,814.8343899934284,0,1,464,11.858,2.92,0.476,-0.399,0.511,0.31,0.179
481,4,932.892348132173,0,1,463,11.713,2.911,0.471,-0.417,0.501,0.309,0.19
482,1,861.0657931092047,0,0,312,11.224,2.994,0.596,0.204,0.702,0.141,0.157
482,2,1121.0274933181631,0,0,302,11.271,3.02,0.596,0.179,0.705,0.139,0.156
482,3,1019.8379566591151,0,1,296,11.381,3.01,0.584,0.094,0.682,0.162,0.155
482,4,1230.3608424779727,0,1,299,11.475,2.983,0.582,0.035,0.696,0.154,0.151
483,1,721.0655472235323,0,0,219,13.427,3.009,0.361,-1.507,0.749,0.128,0.123
483,2,387.0379867655825,0,0,240,13.368,2.925,0.362,-1.287,0.754,0.129,0.117
483,3,501.0227095865763,0,1,241,13.179,3.033,0.382,-1.233,0.743,0.137,0.12
483,4,389.66831241102005,0,1,217,13.371,3.046,0.382,-1.265,0.742,0.143,0.115
484,1,619.5900234051799,0,0,354,12.766,3.028,0.362,-0.892,0.585,0.282,0.133
484,2,755.6477893079101,0,0,338,12.715,2.964,0.358,-0.868,0.571,0.293,0.136
484,3,757.2626900583566,0,1,317,12.725,2.943,0.369,-0.853,0.59,0.284,0.126
484,4,636.872310145689,0,1,306,12.559,2.964,0.346,-0.845,0.614,0.281,0.105
485,1,1013.7556478877481,1,0,153,11.578,3.314,0.464,-0.036,0.693,0.235,0.072
485,2,1104.9180037418682,1,0,157,11.584,3.274,0.446,-0.017,0.662,0.261,0.076
485,3,1544.5576749362542,1,1,168,11.712,3.256,0.476,-0.003,0.637,0.28,0.083
485,4,1852.0510185942492,1,1,170,11.591,3.218,0.476,-0.077,0.641,0.271,0.088
486,1,797.5298056971557,1,0,237,11.135,2.814,0.557,0.037,0.578,0.253,0.169
486,2,1419.6075355815472,1,0,220,11.276,2.745,0.55,0.013,0.564,0.264,0.173
486,3,1501.9123725544457,1,1,227,11.191,2.793,0.542,-0.038,0.564,0.273,0.163
486,4,1520.0901955380562,1,1,222,11.228,2.748,0.554,-0.075,0.572,0.261,0.167
487,1,650.4512315848644,1,0,379,11.714,3.005,0.504,-0.009,0.868,0.061,0.071
487,2,756.9475588281615,1,0,384,11.636,2.93,0.513,0.009,0.857,0.06,0.083
487,3,1014.3146041789349,1,1,399,11.473,2.912,0.514,0.032,0.857,0.065,0.078
487,4,1121.3116296682545,1,1,385,11.554,2.977,0.506,-0.006,0.852,0.073,0.075
488,1,835.3917225529373,0,0,1664,11.316,3.04,0.579,0.175,0.909,0.065,0.026
488,2,1039.2326739441141,0,0,1665,11.305,3.03,0.575,0.155,0.908,0.065,0.026
488,3,1164.0846377516798,0,1,1760,11.448,3.001,0.578,0.088,0.905,0.07,0.024
488,4,1203.0801699946817,0,1,1712,11.562,3.006,0.571,0.016,0.906,0.07,0.024
489,1,980.879545096974,1,0,233,11.687,3.103,0.575,0.185,0.652,0.236,0.112
489,2,1328.9079634852822,1,0,234,11.726,3.124,0.551,0.159,0.637,0.265,0.098
489,3,1329.4450991287354,1,1,227,11.48,3.11,0.537,0.078,0.617,0.278,0.106
489,4,1758.1925100399512,1,1,248,11.466,3.04,0.556,0.028,0.593,0.302,0.105
490,1,959.9764001886276,0,0,892,11.342,2.967,0.57,0.178,0.728,0.158,0.114
490,2,1025.724244244817,0,0,1074,11.243,2.958,0.547,0.1,0.737,0.151,0.112
490,3,1173.9563694891624,0,1,1051,11.25,2.961,0.547,0.09,0.734,0.153,0.113
490,4,1469.4969974034357,0,1,1031,11.306,2.968,0.528,0.034,0.74,0.153,0.107
491,1,646.2888618158321,0,0,918,12.408,2.915,0.413,-0.652,0.875,0.068,0.058
491,2,742.2449196952763,0,0,939,12.371,2.923,0.423,-0.553,0.89,0.06,0.05
491,3,806.8509251528601,0,1,964,12.299,2.906,0.432,-0.534,0.89,0.059,0.051
491,4,875.804938632538,0,1,934,12.18,2.924,0.45,-0.503,0.888,0.056,0.057
492,1,1222.9699361421938,0,0,344,10.511,2.939,0.677,0.744,0.712,0.253,0.035
492,2,1446.8344068081808,0,0,355,10.634,2.915,0.668,0.693,0.71,0.251,0.039
492,3,1651.8592826172073,0,1,356,10.69,2.963,0.657,0.604,0.711,0.244,0.045
492,4,1819.2563546791862,0,1,366,11.044,2.907,0.628,0.379,0.713,0.24,0.046
493,1,856.3576697154374,0,0,2283,11.428,3.04,0.554,0.096,0.701,0.161,0.138
493,2,1080.483271267458,0,0,2585,11.381,3.005,0.551,0.039,0.703,0.16,0.137
493,3,1238.6425117757692,0,1,2489,11.422,3.001,0.551,0.037,0.701,0.164,0.135
493,4,1249.1139268074492,0,1,2686,11.536,3.004,0.531,-0.074,0.701,0.164,0.135
494,1,972.193182320266,0,0,734,10.725,2.948,0.638,0.499,0.796,0.114,0.09
494,2,1217.8439413926371,0,0,700,10.744,2.97,0.633,0.506,0.781,0.123,0.096
494,3,1404.4708683980887,0,1,718,10.868,2.993,0.616,0.397,0.787,0.124,0.089
494,4,1536.4747111318072,0,1,757,10.937,3.018,0.583,0.215,0.789,0.127,0.085
495,1,943.6641145227594,0,0,330,11.781,3.033,0.485,-0.196,0.724,0.158,0.118
495,2,1124.687085861213,0,0,327,11.639,3.052,0.492,-0.21,0.728,0.159,0.113
495,3,1235.8134353815408,0,1,354,11.521,2.96,0.483,-0.2,0.737,0.164,0.099
495,4,1228.1557943083078,0,1,364,11.525,2.984,0.473,-0.272,0.742,0.165,0.093
496,1,630.7200852604144,0,0,2719,11.949,3.003,0.485,-0.335,0.712,0.232,0.056
496,2,831.8947734881147,0,0,2551,11.954,3.013,0.495,-0.285,0.712,0.23,0.058
496,3,846.4834382606981,0,1,2820,11.971,3.002,0.498,-0.308,0.718,0.225,0.057
496,4,945.9204733211308,0,1,3004,12.109,3,0.485,-0.399,0.717,0.222,0.061
497,1,787.470458380767,0,0,719,11.397,2.961,0.556,0.133,0.652,0.189,0.159
497,2,1014.423937029774,0,0,718,11.39,2.936,0.556,0.102,0.631,0.209,0.16
497,3,1170.726659847394,0,1,714,11.489,2.938,0.553,0.055,0.633,0.21,0.157
497,4,1295.3106199605713,0,1,703,11.4,2.969,0.56,0.058,0.643,0.212,0.145
498,1,684.3804295636098,1,0,616,12.003,2.953,0.487,-0.406,0.614,0.269,0.117
498,2,923.0041228552975,1,0,597,11.874,2.997,0.486,-0.405,0.606,0.281,0.112
498,3,982.0755728848432,1,1,595,11.923,3.007,0.494,-0.418,0.6,0.282,0.118
498,4,1265.4637325124913,1,1,585,11.933,3.039,0.477,-0.463,0.6,0.277,0.123
499,1,936.3513703958964,1,0,353,11.772,2.946,0.487,-0.103,0.705,0.159,0.136
499,2,1210.5885273402594,1,0,361,11.76,2.934,0.512,-0.093,0.729,0.155,0.116
499,3,1485.2940833093737,1,1,343,11.749,2.924,0.534,-0.094,0.741,0.152,0.108
499,4,1462.268568251007,1,1,341,11.501,2.921,0.551,-0.102,0.736,0.155,0.109
500,1,779.9685802399268,0,0,616,11.677,3.036,0.536,-0.158,0.607,0.273,0.12
500,2,1015.7219487463208,0,0,620,11.724,2.992,0.545,-0.186,0.589,0.276,0.135
500,3,941.8774308881776,0,1,611,11.764,2.957,0.537,-0.214,0.592,0.275,0.133
500,4,1120.4067529732965,0,1,588,11.77,2.956,0.522,-0.233,0.587,0.276,0.138
